	Ahr	Arid2	Arid3a	Arid3b	Arid5a	Arntl	Atf2	Atf5	Bach1	Bach2	Batf	Batf3	Bcl11a	Brca1	Cdc5l	Cic	Creb3	Creb3l2	Creb5	Ddit3	Deaf1	E2f1	E2f4	E2f6	E2f7	E2f8	Egr1	Egr4	Elf1	Ep300	Erf	Fos	Fosb	Foxi1	Foxj3	Gtf2i	Hes1	Hey1	Heyl	Hhex	Hivep1	Hivep2	Hivep3	Hmg20b	Hoxa2	Hoxa7	Hoxc4	Hsf1	Hsf2	Id3	Ikzf1	Ikzf2	Ikzf3	Ikzf4	Ikzf5	Insm1	Irf1	Irf2	Irf3	Irf4	Irf6	Irf8	Klf10_Klf11	Klf12	Klf13	Klf14	Klf2	Klf3	Klf4	Klf5	Klf7	Lcor	Lhx6	Lin54	Lyl1	Maz	Mbd2	Mecom	Mef2a	Mef2c	Mlxipl	Nfatc2	Nfatc3	Nfe2	Nfe2l1	Nfib	Nfkb1	Nfkb2	Nfya	Npas2	Nr1d1	Nr1d2	Nr1h2	Nr2c2	Nr4a1	Nr4a3	Nr6a1	Nrf1	Patz1	Pbx2	Pbx3	Pou4f1	Ppard	Pparg	Prdm1	Prdm4	Prkrir	Rbpj	Rel	Rela	Relb	Rfx1	Rfx5	Rfx7	Rreb1	Runx2	Rxra	Satb1	Scx_Tcf15	Setdb1	Smad1	Smarcc1	Smarcc2	Sox12	Sp1	Sp2	Sp3	Spi1	Srf	Stat1	Stat2	Stat5a	Stat5b	Tcf21	Tcf3	Tcf4	Tead3	Tead4	Tfdp1	Tfdp2	Tgif1	Trerf1	Usf1	Ybx1	Yy1	Zbtb1	Zbtb12	Zbtb14	Zbtb3	Zbtb33	Zbtb4	Zbtb42	Zbtb6	Zbtb7a	Zbtb7c	Zeb1	Zfp1	Zfp110_Zfp369	Zfp143	Zfp148	Zfp182	Zfp281	Zfp282	Zfp316	Zfp384	Zfp524	Zfp628	Zfp637	Zfp652	Zfp664	Zfp784	Zfx	Zkscan1	Zkscan3
Ahr	124	0	0	0	0	0	0	0	0	0	0	0	0	0	0	0	0	0	0	0	0	0	0	0	0	0	0	0	0	0	0	0	0	0	0	0	0	0	0	0	0	0	0	0	0	0	0	0	0	0	0	0	0	0	0	0	0	0	0	0	0	0	0	0	0	0	0	0	0	0	0	0	0	0	0	0	0	0	0	0	0	0	0	0	0	0	0	0	0	0	0	0	0	0	0	0	0	0	0	0	0	0	0	0	0	0	0	0	0	0	0	0	0	0	0	0	0	0	0	0	0	0	0	0	0	0	0	0	0	0	0	0	0	0	0	0	0	0	0	0	0	0	0	0	0	0	0	0	0	0	0	0	0	0	0	0	0	0	0	0	0	0	0	0	0	0	0	0	0	0	0	0	0	0
Arid2	1	71	0	0	0	0	0	0	0	0	0	0	0	0	0	0	0	0	0	0	0	0	0	0	0	0	0	0	0	0	0	0	0	0	0	0	0	0	0	0	0	0	0	0	0	0	0	0	0	0	0	0	0	0	0	0	0	0	0	0	0	0	0	0	0	0	0	0	0	0	0	0	0	0	0	0	0	0	0	0	0	0	0	0	0	0	0	0	0	0	0	0	0	0	0	0	0	0	0	0	0	0	0	0	0	0	0	0	0	0	0	0	0	0	0	0	0	0	0	0	0	0	0	0	0	0	0	0	0	0	0	0	0	0	0	0	0	0	0	0	0	0	0	0	0	0	0	0	0	0	0	0	0	0	0	0	0	0	0	0	0	0	0	0	0	0	0	0	0	0	0	0	0	0
Arid3a	0	0	723	0	0	0	0	0	0	0	0	0	0	0	0	0	0	0	0	0	0	0	0	0	0	0	0	0	0	0	0	0	0	0	0	0	0	0	0	0	0	0	0	0	0	0	0	0	0	0	0	0	0	0	0	0	0	0	0	0	0	0	0	0	0	0	0	0	0	0	0	0	0	0	0	0	0	0	0	0	0	0	0	0	0	0	0	0	0	0	0	0	0	0	0	0	0	0	0	0	0	0	0	0	0	0	0	0	0	0	0	0	0	0	0	0	0	0	0	0	0	0	0	0	0	0	0	0	0	0	0	0	0	0	0	0	0	0	0	0	0	0	0	0	0	0	0	0	0	0	0	0	0	0	0	0	0	0	0	0	0	0	0	0	0	0	0	0	0	0	0	0	0	0
Arid3b	1	4	0	134	0	0	0	0	0	0	0	0	0	0	0	0	0	0	0	0	0	0	0	0	0	0	0	0	0	0	0	0	0	0	0	0	0	0	0	0	0	0	0	0	0	0	0	0	0	0	0	0	0	0	0	0	0	0	0	0	0	0	0	0	0	0	0	0	0	0	0	0	0	0	0	0	0	0	0	0	0	0	0	0	0	0	0	0	0	0	0	0	0	0	0	0	0	0	0	0	0	0	0	0	0	0	0	0	0	0	0	0	0	0	0	0	0	0	0	0	0	0	0	0	0	0	0	0	0	0	0	0	0	0	0	0	0	0	0	0	0	0	0	0	0	0	0	0	0	0	0	0	0	0	0	0	0	0	0	0	0	0	0	0	0	0	0	0	0	0	0	0	0	0
Arid5a	0	0	35	0	76	0	0	0	0	0	0	0	0	0	0	0	0	0	0	0	0	0	0	0	0	0	0	0	0	0	0	0	0	0	0	0	0	0	0	0	0	0	0	0	0	0	0	0	0	0	0	0	0	0	0	0	0	0	0	0	0	0	0	0	0	0	0	0	0	0	0	0	0	0	0	0	0	0	0	0	0	0	0	0	0	0	0	0	0	0	0	0	0	0	0	0	0	0	0	0	0	0	0	0	0	0	0	0	0	0	0	0	0	0	0	0	0	0	0	0	0	0	0	0	0	0	0	0	0	0	0	0	0	0	0	0	0	0	0	0	0	0	0	0	0	0	0	0	0	0	0	0	0	0	0	0	0	0	0	0	0	0	0	0	0	0	0	0	0	0	0	0	0	0
Arntl	0	0	25	0	1	180	0	0	0	0	0	0	0	0	0	0	0	0	0	0	0	0	0	0	0	0	0	0	0	0	0	0	0	0	0	0	0	0	0	0	0	0	0	0	0	0	0	0	0	0	0	0	0	0	0	0	0	0	0	0	0	0	0	0	0	0	0	0	0	0	0	0	0	0	0	0	0	0	0	0	0	0	0	0	0	0	0	0	0	0	0	0	0	0	0	0	0	0	0	0	0	0	0	0	0	0	0	0	0	0	0	0	0	0	0	0	0	0	0	0	0	0	0	0	0	0	0	0	0	0	0	0	0	0	0	0	0	0	0	0	0	0	0	0	0	0	0	0	0	0	0	0	0	0	0	0	0	0	0	0	0	0	0	0	0	0	0	0	0	0	0	0	0	0
Atf2	0	0	23	0	0	2	102	0	0	0	0	0	0	0	0	0	0	0	0	0	0	0	0	0	0	0	0	0	0	0	0	0	0	0	0	0	0	0	0	0	0	0	0	0	0	0	0	0	0	0	0	0	0	0	0	0	0	0	0	0	0	0	0	0	0	0	0	0	0	0	0	0	0	0	0	0	0	0	0	0	0	0	0	0	0	0	0	0	0	0	0	0	0	0	0	0	0	0	0	0	0	0	0	0	0	0	0	0	0	0	0	0	0	0	0	0	0	0	0	0	0	0	0	0	0	0	0	0	0	0	0	0	0	0	0	0	0	0	0	0	0	0	0	0	0	0	0	0	0	0	0	0	0	0	0	0	0	0	0	0	0	0	0	0	0	0	0	0	0	0	0	0	0	0
Atf5	0	0	86	0	17	16	9	343	0	0	0	0	0	0	0	0	0	0	0	0	0	0	0	0	0	0	0	0	0	0	0	0	0	0	0	0	0	0	0	0	0	0	0	0	0	0	0	0	0	0	0	0	0	0	0	0	0	0	0	0	0	0	0	0	0	0	0	0	0	0	0	0	0	0	0	0	0	0	0	0	0	0	0	0	0	0	0	0	0	0	0	0	0	0	0	0	0	0	0	0	0	0	0	0	0	0	0	0	0	0	0	0	0	0	0	0	0	0	0	0	0	0	0	0	0	0	0	0	0	0	0	0	0	0	0	0	0	0	0	0	0	0	0	0	0	0	0	0	0	0	0	0	0	0	0	0	0	0	0	0	0	0	0	0	0	0	0	0	0	0	0	0	0	0
Bach1	0	0	158	0	26	22	14	72	557	0	0	0	0	0	0	0	0	0	0	0	0	0	0	0	0	0	0	0	0	0	0	0	0	0	0	0	0	0	0	0	0	0	0	0	0	0	0	0	0	0	0	0	0	0	0	0	0	0	0	0	0	0	0	0	0	0	0	0	0	0	0	0	0	0	0	0	0	0	0	0	0	0	0	0	0	0	0	0	0	0	0	0	0	0	0	0	0	0	0	0	0	0	0	0	0	0	0	0	0	0	0	0	0	0	0	0	0	0	0	0	0	0	0	0	0	0	0	0	0	0	0	0	0	0	0	0	0	0	0	0	0	0	0	0	0	0	0	0	0	0	0	0	0	0	0	0	0	0	0	0	0	0	0	0	0	0	0	0	0	0	0	0	0	0
Bach2	0	0	25	0	6	4	0	15	64	106	0	0	0	0	0	0	0	0	0	0	0	0	0	0	0	0	0	0	0	0	0	0	0	0	0	0	0	0	0	0	0	0	0	0	0	0	0	0	0	0	0	0	0	0	0	0	0	0	0	0	0	0	0	0	0	0	0	0	0	0	0	0	0	0	0	0	0	0	0	0	0	0	0	0	0	0	0	0	0	0	0	0	0	0	0	0	0	0	0	0	0	0	0	0	0	0	0	0	0	0	0	0	0	0	0	0	0	0	0	0	0	0	0	0	0	0	0	0	0	0	0	0	0	0	0	0	0	0	0	0	0	0	0	0	0	0	0	0	0	0	0	0	0	0	0	0	0	0	0	0	0	0	0	0	0	0	0	0	0	0	0	0	0	0
Batf	0	0	283	0	28	54	49	118	296	64	1060	0	0	0	0	0	0	0	0	0	0	0	0	0	0	0	0	0	0	0	0	0	0	0	0	0	0	0	0	0	0	0	0	0	0	0	0	0	0	0	0	0	0	0	0	0	0	0	0	0	0	0	0	0	0	0	0	0	0	0	0	0	0	0	0	0	0	0	0	0	0	0	0	0	0	0	0	0	0	0	0	0	0	0	0	0	0	0	0	0	0	0	0	0	0	0	0	0	0	0	0	0	0	0	0	0	0	0	0	0	0	0	0	0	0	0	0	0	0	0	0	0	0	0	0	0	0	0	0	0	0	0	0	0	0	0	0	0	0	0	0	0	0	0	0	0	0	0	0	0	0	0	0	0	0	0	0	0	0	0	0	0	0	0
Batf3	11	2	0	8	0	0	0	0	0	0	0	177	0	0	0	0	0	0	0	0	0	0	0	0	0	0	0	0	0	0	0	0	0	0	0	0	0	0	0	0	0	0	0	0	0	0	0	0	0	0	0	0	0	0	0	0	0	0	0	0	0	0	0	0	0	0	0	0	0	0	0	0	0	0	0	0	0	0	0	0	0	0	0	0	0	0	0	0	0	0	0	0	0	0	0	0	0	0	0	0	0	0	0	0	0	0	0	0	0	0	0	0	0	0	0	0	0	0	0	0	0	0	0	0	0	0	0	0	0	0	0	0	0	0	0	0	0	0	0	0	0	0	0	0	0	0	0	0	0	0	0	0	0	0	0	0	0	0	0	0	0	0	0	0	0	0	0	0	0	0	0	0	0	0
Bcl11a	0	0	388	0	48	50	31	180	303	63	568	0	1616	0	0	0	0	0	0	0	0	0	0	0	0	0	0	0	0	0	0	0	0	0	0	0	0	0	0	0	0	0	0	0	0	0	0	0	0	0	0	0	0	0	0	0	0	0	0	0	0	0	0	0	0	0	0	0	0	0	0	0	0	0	0	0	0	0	0	0	0	0	0	0	0	0	0	0	0	0	0	0	0	0	0	0	0	0	0	0	0	0	0	0	0	0	0	0	0	0	0	0	0	0	0	0	0	0	0	0	0	0	0	0	0	0	0	0	0	0	0	0	0	0	0	0	0	0	0	0	0	0	0	0	0	0	0	0	0	0	0	0	0	0	0	0	0	0	0	0	0	0	0	0	0	0	0	0	0	0	0	0	0	0
Brca1	13	4	0	11	0	0	0	0	0	0	0	8	0	114	0	0	0	0	0	0	0	0	0	0	0	0	0	0	0	0	0	0	0	0	0	0	0	0	0	0	0	0	0	0	0	0	0	0	0	0	0	0	0	0	0	0	0	0	0	0	0	0	0	0	0	0	0	0	0	0	0	0	0	0	0	0	0	0	0	0	0	0	0	0	0	0	0	0	0	0	0	0	0	0	0	0	0	0	0	0	0	0	0	0	0	0	0	0	0	0	0	0	0	0	0	0	0	0	0	0	0	0	0	0	0	0	0	0	0	0	0	0	0	0	0	0	0	0	0	0	0	0	0	0	0	0	0	0	0	0	0	0	0	0	0	0	0	0	0	0	0	0	0	0	0	0	0	0	0	0	0	0	0	0
Cdc5l	0	0	64	0	9	7	2	18	40	6	69	0	92	0	146	0	0	0	0	0	0	0	0	0	0	0	0	0	0	0	0	0	0	0	0	0	0	0	0	0	0	0	0	0	0	0	0	0	0	0	0	0	0	0	0	0	0	0	0	0	0	0	0	0	0	0	0	0	0	0	0	0	0	0	0	0	0	0	0	0	0	0	0	0	0	0	0	0	0	0	0	0	0	0	0	0	0	0	0	0	0	0	0	0	0	0	0	0	0	0	0	0	0	0	0	0	0	0	0	0	0	0	0	0	0	0	0	0	0	0	0	0	0	0	0	0	0	0	0	0	0	0	0	0	0	0	0	0	0	0	0	0	0	0	0	0	0	0	0	0	0	0	0	0	0	0	0	0	0	0	0	0	0	0
Cic	0	0	27	0	7	4	3	10	44	6	52	0	58	0	9	123	0	0	0	0	0	0	0	0	0	0	0	0	0	0	0	0	0	0	0	0	0	0	0	0	0	0	0	0	0	0	0	0	0	0	0	0	0	0	0	0	0	0	0	0	0	0	0	0	0	0	0	0	0	0	0	0	0	0	0	0	0	0	0	0	0	0	0	0	0	0	0	0	0	0	0	0	0	0	0	0	0	0	0	0	0	0	0	0	0	0	0	0	0	0	0	0	0	0	0	0	0	0	0	0	0	0	0	0	0	0	0	0	0	0	0	0	0	0	0	0	0	0	0	0	0	0	0	0	0	0	0	0	0	0	0	0	0	0	0	0	0	0	0	0	0	0	0	0	0	0	0	0	0	0	0	0	0	0
Creb3	12	2	0	6	0	0	0	0	0	0	0	69	0	11	0	0	216	0	0	0	0	0	0	0	0	0	0	0	0	0	0	0	0	0	0	0	0	0	0	0	0	0	0	0	0	0	0	0	0	0	0	0	0	0	0	0	0	0	0	0	0	0	0	0	0	0	0	0	0	0	0	0	0	0	0	0	0	0	0	0	0	0	0	0	0	0	0	0	0	0	0	0	0	0	0	0	0	0	0	0	0	0	0	0	0	0	0	0	0	0	0	0	0	0	0	0	0	0	0	0	0	0	0	0	0	0	0	0	0	0	0	0	0	0	0	0	0	0	0	0	0	0	0	0	0	0	0	0	0	0	0	0	0	0	0	0	0	0	0	0	0	0	0	0	0	0	0	0	0	0	0	0	0	0
Creb3l2	0	0	28	0	2	32	1	18	25	4	40	0	52	0	5	6	0	144	0	0	0	0	0	0	0	0	0	0	0	0	0	0	0	0	0	0	0	0	0	0	0	0	0	0	0	0	0	0	0	0	0	0	0	0	0	0	0	0	0	0	0	0	0	0	0	0	0	0	0	0	0	0	0	0	0	0	0	0	0	0	0	0	0	0	0	0	0	0	0	0	0	0	0	0	0	0	0	0	0	0	0	0	0	0	0	0	0	0	0	0	0	0	0	0	0	0	0	0	0	0	0	0	0	0	0	0	0	0	0	0	0	0	0	0	0	0	0	0	0	0	0	0	0	0	0	0	0	0	0	0	0	0	0	0	0	0	0	0	0	0	0	0	0	0	0	0	0	0	0	0	0	0	0	0
Creb5	0	0	14	0	1	5	23	10	5	3	50	0	27	0	2	3	0	4	76	0	0	0	0	0	0	0	0	0	0	0	0	0	0	0	0	0	0	0	0	0	0	0	0	0	0	0	0	0	0	0	0	0	0	0	0	0	0	0	0	0	0	0	0	0	0	0	0	0	0	0	0	0	0	0	0	0	0	0	0	0	0	0	0	0	0	0	0	0	0	0	0	0	0	0	0	0	0	0	0	0	0	0	0	0	0	0	0	0	0	0	0	0	0	0	0	0	0	0	0	0	0	0	0	0	0	0	0	0	0	0	0	0	0	0	0	0	0	0	0	0	0	0	0	0	0	0	0	0	0	0	0	0	0	0	0	0	0	0	0	0	0	0	0	0	0	0	0	0	0	0	0	0	0	0
Ddit3	0	0	13	0	0	4	4	2	8	0	16	0	24	0	1	1	0	0	2	41	0	0	0	0	0	0	0	0	0	0	0	0	0	0	0	0	0	0	0	0	0	0	0	0	0	0	0	0	0	0	0	0	0	0	0	0	0	0	0	0	0	0	0	0	0	0	0	0	0	0	0	0	0	0	0	0	0	0	0	0	0	0	0	0	0	0	0	0	0	0	0	0	0	0	0	0	0	0	0	0	0	0	0	0	0	0	0	0	0	0	0	0	0	0	0	0	0	0	0	0	0	0	0	0	0	0	0	0	0	0	0	0	0	0	0	0	0	0	0	0	0	0	0	0	0	0	0	0	0	0	0	0	0	0	0	0	0	0	0	0	0	0	0	0	0	0	0	0	0	0	0	0	0	0
Deaf1	0	0	13	0	1	1	1	8	12	4	15	0	23	0	2	1	0	4	3	3	81	0	0	0	0	0	0	0	0	0	0	0	0	0	0	0	0	0	0	0	0	0	0	0	0	0	0	0	0	0	0	0	0	0	0	0	0	0	0	0	0	0	0	0	0	0	0	0	0	0	0	0	0	0	0	0	0	0	0	0	0	0	0	0	0	0	0	0	0	0	0	0	0	0	0	0	0	0	0	0	0	0	0	0	0	0	0	0	0	0	0	0	0	0	0	0	0	0	0	0	0	0	0	0	0	0	0	0	0	0	0	0	0	0	0	0	0	0	0	0	0	0	0	0	0	0	0	0	0	0	0	0	0	0	0	0	0	0	0	0	0	0	0	0	0	0	0	0	0	0	0	0	0	0
E2f1	0	0	137	0	14	60	46	78	97	27	217	0	274	0	21	21	0	50	34	10	25	977	0	0	0	0	0	0	0	0	0	0	0	0	0	0	0	0	0	0	0	0	0	0	0	0	0	0	0	0	0	0	0	0	0	0	0	0	0	0	0	0	0	0	0	0	0	0	0	0	0	0	0	0	0	0	0	0	0	0	0	0	0	0	0	0	0	0	0	0	0	0	0	0	0	0	0	0	0	0	0	0	0	0	0	0	0	0	0	0	0	0	0	0	0	0	0	0	0	0	0	0	0	0	0	0	0	0	0	0	0	0	0	0	0	0	0	0	0	0	0	0	0	0	0	0	0	0	0	0	0	0	0	0	0	0	0	0	0	0	0	0	0	0	0	0	0	0	0	0	0	0	0	0
E2f4	30	6	0	21	0	0	0	0	0	0	0	29	0	46	0	0	46	0	0	0	0	0	676	0	0	0	0	0	0	0	0	0	0	0	0	0	0	0	0	0	0	0	0	0	0	0	0	0	0	0	0	0	0	0	0	0	0	0	0	0	0	0	0	0	0	0	0	0	0	0	0	0	0	0	0	0	0	0	0	0	0	0	0	0	0	0	0	0	0	0	0	0	0	0	0	0	0	0	0	0	0	0	0	0	0	0	0	0	0	0	0	0	0	0	0	0	0	0	0	0	0	0	0	0	0	0	0	0	0	0	0	0	0	0	0	0	0	0	0	0	0	0	0	0	0	0	0	0	0	0	0	0	0	0	0	0	0	0	0	0	0	0	0	0	0	0	0	0	0	0	0	0	0	0
E2f6	20	11	0	17	0	0	0	0	0	0	0	39	0	34	0	0	44	0	0	0	0	0	281	594	0	0	0	0	0	0	0	0	0	0	0	0	0	0	0	0	0	0	0	0	0	0	0	0	0	0	0	0	0	0	0	0	0	0	0	0	0	0	0	0	0	0	0	0	0	0	0	0	0	0	0	0	0	0	0	0	0	0	0	0	0	0	0	0	0	0	0	0	0	0	0	0	0	0	0	0	0	0	0	0	0	0	0	0	0	0	0	0	0	0	0	0	0	0	0	0	0	0	0	0	0	0	0	0	0	0	0	0	0	0	0	0	0	0	0	0	0	0	0	0	0	0	0	0	0	0	0	0	0	0	0	0	0	0	0	0	0	0	0	0	0	0	0	0	0	0	0	0	0	0
E2f7	3	1	0	6	0	0	0	0	0	0	0	4	0	6	0	0	13	0	0	0	0	0	58	38	118	0	0	0	0	0	0	0	0	0	0	0	0	0	0	0	0	0	0	0	0	0	0	0	0	0	0	0	0	0	0	0	0	0	0	0	0	0	0	0	0	0	0	0	0	0	0	0	0	0	0	0	0	0	0	0	0	0	0	0	0	0	0	0	0	0	0	0	0	0	0	0	0	0	0	0	0	0	0	0	0	0	0	0	0	0	0	0	0	0	0	0	0	0	0	0	0	0	0	0	0	0	0	0	0	0	0	0	0	0	0	0	0	0	0	0	0	0	0	0	0	0	0	0	0	0	0	0	0	0	0	0	0	0	0	0	0	0	0	0	0	0	0	0	0	0	0	0	0	0
E2f8	2	1	0	4	0	0	0	0	0	0	0	2	0	7	0	0	5	0	0	0	0	0	20	14	21	40	0	0	0	0	0	0	0	0	0	0	0	0	0	0	0	0	0	0	0	0	0	0	0	0	0	0	0	0	0	0	0	0	0	0	0	0	0	0	0	0	0	0	0	0	0	0	0	0	0	0	0	0	0	0	0	0	0	0	0	0	0	0	0	0	0	0	0	0	0	0	0	0	0	0	0	0	0	0	0	0	0	0	0	0	0	0	0	0	0	0	0	0	0	0	0	0	0	0	0	0	0	0	0	0	0	0	0	0	0	0	0	0	0	0	0	0	0	0	0	0	0	0	0	0	0	0	0	0	0	0	0	0	0	0	0	0	0	0	0	0	0	0	0	0	0	0	0	0
Egr1	0	0	218	0	47	58	0	120	174	52	361	0	509	0	41	38	0	59	35	0	37	504	0	0	0	0	1432	0	0	0	0	0	0	0	0	0	0	0	0	0	0	0	0	0	0	0	0	0	0	0	0	0	0	0	0	0	0	0	0	0	0	0	0	0	0	0	0	0	0	0	0	0	0	0	0	0	0	0	0	0	0	0	0	0	0	0	0	0	0	0	0	0	0	0	0	0	0	0	0	0	0	0	0	0	0	0	0	0	0	0	0	0	0	0	0	0	0	0	0	0	0	0	0	0	0	0	0	0	0	0	0	0	0	0	0	0	0	0	0	0	0	0	0	0	0	0	0	0	0	0	0	0	0	0	0	0	0	0	0	0	0	0	0	0	0	0	0	0	0	0	0	0	0	0
Egr4	0	0	85	0	19	26	0	32	59	24	136	0	176	0	9	19	0	25	10	0	13	231	0	0	0	0	451	506	0	0	0	0	0	0	0	0	0	0	0	0	0	0	0	0	0	0	0	0	0	0	0	0	0	0	0	0	0	0	0	0	0	0	0	0	0	0	0	0	0	0	0	0	0	0	0	0	0	0	0	0	0	0	0	0	0	0	0	0	0	0	0	0	0	0	0	0	0	0	0	0	0	0	0	0	0	0	0	0	0	0	0	0	0	0	0	0	0	0	0	0	0	0	0	0	0	0	0	0	0	0	0	0	0	0	0	0	0	0	0	0	0	0	0	0	0	0	0	0	0	0	0	0	0	0	0	0	0	0	0	0	0	0	0	0	0	0	0	0	0	0	0	0	0	0
Elf1	0	0	392	0	43	83	53	204	313	57	571	0	908	0	85	58	0	93	42	25	47	544	0	0	0	0	843	300	2178	0	0	0	0	0	0	0	0	0	0	0	0	0	0	0	0	0	0	0	0	0	0	0	0	0	0	0	0	0	0	0	0	0	0	0	0	0	0	0	0	0	0	0	0	0	0	0	0	0	0	0	0	0	0	0	0	0	0	0	0	0	0	0	0	0	0	0	0	0	0	0	0	0	0	0	0	0	0	0	0	0	0	0	0	0	0	0	0	0	0	0	0	0	0	0	0	0	0	0	0	0	0	0	0	0	0	0	0	0	0	0	0	0	0	0	0	0	0	0	0	0	0	0	0	0	0	0	0	0	0	0	0	0	0	0	0	0	0	0	0	0	0	0	0	0
Ep300	0	0	274	0	0	59	68	110	184	0	346	0	642	0	60	37	0	35	19	33	22	232	0	0	0	0	0	0	712	1407	0	0	0	0	0	0	0	0	0	0	0	0	0	0	0	0	0	0	0	0	0	0	0	0	0	0	0	0	0	0	0	0	0	0	0	0	0	0	0	0	0	0	0	0	0	0	0	0	0	0	0	0	0	0	0	0	0	0	0	0	0	0	0	0	0	0	0	0	0	0	0	0	0	0	0	0	0	0	0	0	0	0	0	0	0	0	0	0	0	0	0	0	0	0	0	0	0	0	0	0	0	0	0	0	0	0	0	0	0	0	0	0	0	0	0	0	0	0	0	0	0	0	0	0	0	0	0	0	0	0	0	0	0	0	0	0	0	0	0	0	0	0	0	0
Erf	0	0	22	0	3	11	1	18	10	1	30	0	50	0	1	3	0	6	6	2	7	38	0	0	0	0	92	32	137	21	148	0	0	0	0	0	0	0	0	0	0	0	0	0	0	0	0	0	0	0	0	0	0	0	0	0	0	0	0	0	0	0	0	0	0	0	0	0	0	0	0	0	0	0	0	0	0	0	0	0	0	0	0	0	0	0	0	0	0	0	0	0	0	0	0	0	0	0	0	0	0	0	0	0	0	0	0	0	0	0	0	0	0	0	0	0	0	0	0	0	0	0	0	0	0	0	0	0	0	0	0	0	0	0	0	0	0	0	0	0	0	0	0	0	0	0	0	0	0	0	0	0	0	0	0	0	0	0	0	0	0	0	0	0	0	0	0	0	0	0	0	0	0	0
Fos	0	0	139	0	34	22	0	76	201	91	288	0	276	0	26	25	0	23	12	0	12	165	0	0	0	0	329	138	283	0	23	560	0	0	0	0	0	0	0	0	0	0	0	0	0	0	0	0	0	0	0	0	0	0	0	0	0	0	0	0	0	0	0	0	0	0	0	0	0	0	0	0	0	0	0	0	0	0	0	0	0	0	0	0	0	0	0	0	0	0	0	0	0	0	0	0	0	0	0	0	0	0	0	0	0	0	0	0	0	0	0	0	0	0	0	0	0	0	0	0	0	0	0	0	0	0	0	0	0	0	0	0	0	0	0	0	0	0	0	0	0	0	0	0	0	0	0	0	0	0	0	0	0	0	0	0	0	0	0	0	0	0	0	0	0	0	0	0	0	0	0	0	0	0
Fosb	0	0	71	0	9	19	2	31	137	46	180	0	159	0	26	23	0	15	3	8	6	49	0	0	0	0	84	32	136	75	2	135	248	0	0	0	0	0	0	0	0	0	0	0	0	0	0	0	0	0	0	0	0	0	0	0	0	0	0	0	0	0	0	0	0	0	0	0	0	0	0	0	0	0	0	0	0	0	0	0	0	0	0	0	0	0	0	0	0	0	0	0	0	0	0	0	0	0	0	0	0	0	0	0	0	0	0	0	0	0	0	0	0	0	0	0	0	0	0	0	0	0	0	0	0	0	0	0	0	0	0	0	0	0	0	0	0	0	0	0	0	0	0	0	0	0	0	0	0	0	0	0	0	0	0	0	0	0	0	0	0	0	0	0	0	0	0	0	0	0	0	0	0	0
Foxi1	0	0	237	0	33	29	13	96	141	29	247	0	340	0	39	25	0	29	19	9	19	179	0	0	0	0	294	110	403	236	29	239	69	774	0	0	0	0	0	0	0	0	0	0	0	0	0	0	0	0	0	0	0	0	0	0	0	0	0	0	0	0	0	0	0	0	0	0	0	0	0	0	0	0	0	0	0	0	0	0	0	0	0	0	0	0	0	0	0	0	0	0	0	0	0	0	0	0	0	0	0	0	0	0	0	0	0	0	0	0	0	0	0	0	0	0	0	0	0	0	0	0	0	0	0	0	0	0	0	0	0	0	0	0	0	0	0	0	0	0	0	0	0	0	0	0	0	0	0	0	0	0	0	0	0	0	0	0	0	0	0	0	0	0	0	0	0	0	0	0	0	0	0	0
Foxj3	0	0	186	0	0	20	23	54	96	0	174	0	264	0	47	19	0	11	4	17	8	69	0	0	0	0	0	0	284	450	12	0	40	159	540	0	0	0	0	0	0	0	0	0	0	0	0	0	0	0	0	0	0	0	0	0	0	0	0	0	0	0	0	0	0	0	0	0	0	0	0	0	0	0	0	0	0	0	0	0	0	0	0	0	0	0	0	0	0	0	0	0	0	0	0	0	0	0	0	0	0	0	0	0	0	0	0	0	0	0	0	0	0	0	0	0	0	0	0	0	0	0	0	0	0	0	0	0	0	0	0	0	0	0	0	0	0	0	0	0	0	0	0	0	0	0	0	0	0	0	0	0	0	0	0	0	0	0	0	0	0	0	0	0	0	0	0	0	0	0	0	0	0	0
Gtf2i	0	0	224	0	30	42	27	117	171	34	337	0	588	0	50	46	0	39	32	19	26	298	0	0	0	0	411	149	695	402	42	170	82	224	174	1079	0	0	0	0	0	0	0	0	0	0	0	0	0	0	0	0	0	0	0	0	0	0	0	0	0	0	0	0	0	0	0	0	0	0	0	0	0	0	0	0	0	0	0	0	0	0	0	0	0	0	0	0	0	0	0	0	0	0	0	0	0	0	0	0	0	0	0	0	0	0	0	0	0	0	0	0	0	0	0	0	0	0	0	0	0	0	0	0	0	0	0	0	0	0	0	0	0	0	0	0	0	0	0	0	0	0	0	0	0	0	0	0	0	0	0	0	0	0	0	0	0	0	0	0	0	0	0	0	0	0	0	0	0	0	0	0	0	0
Hes1	0	0	15	0	6	3	0	9	21	7	32	0	42	0	4	3	0	7	3	0	2	51	0	0	0	0	88	35	63	0	13	35	12	27	0	30	114	0	0	0	0	0	0	0	0	0	0	0	0	0	0	0	0	0	0	0	0	0	0	0	0	0	0	0	0	0	0	0	0	0	0	0	0	0	0	0	0	0	0	0	0	0	0	0	0	0	0	0	0	0	0	0	0	0	0	0	0	0	0	0	0	0	0	0	0	0	0	0	0	0	0	0	0	0	0	0	0	0	0	0	0	0	0	0	0	0	0	0	0	0	0	0	0	0	0	0	0	0	0	0	0	0	0	0	0	0	0	0	0	0	0	0	0	0	0	0	0	0	0	0	0	0	0	0	0	0	0	0	0	0	0	0	0	0
Hey1	0	0	123	0	17	46	73	64	97	15	231	0	248	0	20	27	0	34	65	6	33	399	0	0	0	0	417	188	482	229	35	116	37	145	66	238	37	845	0	0	0	0	0	0	0	0	0	0	0	0	0	0	0	0	0	0	0	0	0	0	0	0	0	0	0	0	0	0	0	0	0	0	0	0	0	0	0	0	0	0	0	0	0	0	0	0	0	0	0	0	0	0	0	0	0	0	0	0	0	0	0	0	0	0	0	0	0	0	0	0	0	0	0	0	0	0	0	0	0	0	0	0	0	0	0	0	0	0	0	0	0	0	0	0	0	0	0	0	0	0	0	0	0	0	0	0	0	0	0	0	0	0	0	0	0	0	0	0	0	0	0	0	0	0	0	0	0	0	0	0	0	0	0	0
Heyl	0	0	8	0	4	5	2	8	14	0	18	0	16	0	2	6	0	5	1	0	0	13	0	0	0	0	17	9	27	14	0	7	6	10	8	18	1	40	40	0	0	0	0	0	0	0	0	0	0	0	0	0	0	0	0	0	0	0	0	0	0	0	0	0	0	0	0	0	0	0	0	0	0	0	0	0	0	0	0	0	0	0	0	0	0	0	0	0	0	0	0	0	0	0	0	0	0	0	0	0	0	0	0	0	0	0	0	0	0	0	0	0	0	0	0	0	0	0	0	0	0	0	0	0	0	0	0	0	0	0	0	0	0	0	0	0	0	0	0	0	0	0	0	0	0	0	0	0	0	0	0	0	0	0	0	0	0	0	0	0	0	0	0	0	0	0	0	0	0	0	0	0	0	0
Hhex	2	4	0	9	0	0	0	0	0	0	0	4	0	5	0	0	5	0	0	0	0	0	9	11	3	2	0	0	0	0	0	0	0	0	0	0	0	0	0	75	0	0	0	0	0	0	0	0	0	0	0	0	0	0	0	0	0	0	0	0	0	0	0	0	0	0	0	0	0	0	0	0	0	0	0	0	0	0	0	0	0	0	0	0	0	0	0	0	0	0	0	0	0	0	0	0	0	0	0	0	0	0	0	0	0	0	0	0	0	0	0	0	0	0	0	0	0	0	0	0	0	0	0	0	0	0	0	0	0	0	0	0	0	0	0	0	0	0	0	0	0	0	0	0	0	0	0	0	0	0	0	0	0	0	0	0	0	0	0	0	0	0	0	0	0	0	0	0	0	0	0	0	0	0
Hivep1	0	0	34	0	6	5	1	15	22	3	51	0	67	0	8	6	0	5	4	2	4	30	0	0	0	0	45	15	90	42	3	22	20	28	25	47	5	30	3	0	135	0	0	0	0	0	0	0	0	0	0	0	0	0	0	0	0	0	0	0	0	0	0	0	0	0	0	0	0	0	0	0	0	0	0	0	0	0	0	0	0	0	0	0	0	0	0	0	0	0	0	0	0	0	0	0	0	0	0	0	0	0	0	0	0	0	0	0	0	0	0	0	0	0	0	0	0	0	0	0	0	0	0	0	0	0	0	0	0	0	0	0	0	0	0	0	0	0	0	0	0	0	0	0	0	0	0	0	0	0	0	0	0	0	0	0	0	0	0	0	0	0	0	0	0	0	0	0	0	0	0	0	0	0
Hivep2	0	0	45	0	8	15	6	29	47	7	77	0	112	0	12	7	0	17	6	4	3	44	0	0	0	0	78	23	139	74	6	37	21	55	38	79	7	41	3	0	19	228	0	0	0	0	0	0	0	0	0	0	0	0	0	0	0	0	0	0	0	0	0	0	0	0	0	0	0	0	0	0	0	0	0	0	0	0	0	0	0	0	0	0	0	0	0	0	0	0	0	0	0	0	0	0	0	0	0	0	0	0	0	0	0	0	0	0	0	0	0	0	0	0	0	0	0	0	0	0	0	0	0	0	0	0	0	0	0	0	0	0	0	0	0	0	0	0	0	0	0	0	0	0	0	0	0	0	0	0	0	0	0	0	0	0	0	0	0	0	0	0	0	0	0	0	0	0	0	0	0	0	0	0
Hivep3	4	3	0	5	0	0	0	0	0	0	0	14	0	6	0	0	9	0	0	0	0	0	17	16	4	0	0	0	0	0	0	0	0	0	0	0	0	0	0	6	0	0	142	0	0	0	0	0	0	0	0	0	0	0	0	0	0	0	0	0	0	0	0	0	0	0	0	0	0	0	0	0	0	0	0	0	0	0	0	0	0	0	0	0	0	0	0	0	0	0	0	0	0	0	0	0	0	0	0	0	0	0	0	0	0	0	0	0	0	0	0	0	0	0	0	0	0	0	0	0	0	0	0	0	0	0	0	0	0	0	0	0	0	0	0	0	0	0	0	0	0	0	0	0	0	0	0	0	0	0	0	0	0	0	0	0	0	0	0	0	0	0	0	0	0	0	0	0	0	0	0	0	0	0
Hmg20b	0	0	63	0	6	4	3	21	43	15	66	0	77	0	13	6	0	5	4	0	5	35	0	0	0	0	43	19	72	53	7	33	20	41	37	40	5	26	4	0	12	8	0	144	0	0	0	0	0	0	0	0	0	0	0	0	0	0	0	0	0	0	0	0	0	0	0	0	0	0	0	0	0	0	0	0	0	0	0	0	0	0	0	0	0	0	0	0	0	0	0	0	0	0	0	0	0	0	0	0	0	0	0	0	0	0	0	0	0	0	0	0	0	0	0	0	0	0	0	0	0	0	0	0	0	0	0	0	0	0	0	0	0	0	0	0	0	0	0	0	0	0	0	0	0	0	0	0	0	0	0	0	0	0	0	0	0	0	0	0	0	0	0	0	0	0	0	0	0	0	0	0	0	0
Hoxa2	0	0	65	0	9	4	4	25	33	11	71	0	89	0	21	5	0	14	2	3	2	20	0	0	0	0	49	8	98	64	6	36	19	39	38	54	5	20	1	0	9	13	0	19	169	0	0	0	0	0	0	0	0	0	0	0	0	0	0	0	0	0	0	0	0	0	0	0	0	0	0	0	0	0	0	0	0	0	0	0	0	0	0	0	0	0	0	0	0	0	0	0	0	0	0	0	0	0	0	0	0	0	0	0	0	0	0	0	0	0	0	0	0	0	0	0	0	0	0	0	0	0	0	0	0	0	0	0	0	0	0	0	0	0	0	0	0	0	0	0	0	0	0	0	0	0	0	0	0	0	0	0	0	0	0	0	0	0	0	0	0	0	0	0	0	0	0	0	0	0	0	0	0	0
Hoxa7	0	0	58	0	9	10	0	18	24	12	46	0	60	0	6	1	0	2	2	0	3	23	0	0	0	0	75	25	70	0	11	47	12	33	0	36	6	27	0	0	2	5	0	8	31	118	0	0	0	0	0	0	0	0	0	0	0	0	0	0	0	0	0	0	0	0	0	0	0	0	0	0	0	0	0	0	0	0	0	0	0	0	0	0	0	0	0	0	0	0	0	0	0	0	0	0	0	0	0	0	0	0	0	0	0	0	0	0	0	0	0	0	0	0	0	0	0	0	0	0	0	0	0	0	0	0	0	0	0	0	0	0	0	0	0	0	0	0	0	0	0	0	0	0	0	0	0	0	0	0	0	0	0	0	0	0	0	0	0	0	0	0	0	0	0	0	0	0	0	0	0	0	0	0
Hoxc4	0	0	74	0	7	10	3	16	29	4	47	0	76	0	13	4	0	9	3	1	2	27	0	0	0	0	32	18	77	45	9	26	13	31	25	45	3	25	2	0	5	9	0	11	15	27	124	0	0	0	0	0	0	0	0	0	0	0	0	0	0	0	0	0	0	0	0	0	0	0	0	0	0	0	0	0	0	0	0	0	0	0	0	0	0	0	0	0	0	0	0	0	0	0	0	0	0	0	0	0	0	0	0	0	0	0	0	0	0	0	0	0	0	0	0	0	0	0	0	0	0	0	0	0	0	0	0	0	0	0	0	0	0	0	0	0	0	0	0	0	0	0	0	0	0	0	0	0	0	0	0	0	0	0	0	0	0	0	0	0	0	0	0	0	0	0	0	0	0	0	0	0	0	0
Hsf1	0	0	174	0	26	40	18	81	131	23	242	0	316	0	36	23	0	28	22	10	19	165	0	0	0	0	277	101	379	204	29	126	54	169	105	193	25	161	12	0	42	52	0	36	39	25	29	693	0	0	0	0	0	0	0	0	0	0	0	0	0	0	0	0	0	0	0	0	0	0	0	0	0	0	0	0	0	0	0	0	0	0	0	0	0	0	0	0	0	0	0	0	0	0	0	0	0	0	0	0	0	0	0	0	0	0	0	0	0	0	0	0	0	0	0	0	0	0	0	0	0	0	0	0	0	0	0	0	0	0	0	0	0	0	0	0	0	0	0	0	0	0	0	0	0	0	0	0	0	0	0	0	0	0	0	0	0	0	0	0	0	0	0	0	0	0	0	0	0	0	0	0	0	0
Hsf2	2	8	0	10	0	0	0	0	0	0	0	10	0	6	0	0	8	0	0	0	0	0	19	19	10	3	0	0	0	0	0	0	0	0	0	0	0	0	0	2	0	0	8	0	0	0	0	0	128	0	0	0	0	0	0	0	0	0	0	0	0	0	0	0	0	0	0	0	0	0	0	0	0	0	0	0	0	0	0	0	0	0	0	0	0	0	0	0	0	0	0	0	0	0	0	0	0	0	0	0	0	0	0	0	0	0	0	0	0	0	0	0	0	0	0	0	0	0	0	0	0	0	0	0	0	0	0	0	0	0	0	0	0	0	0	0	0	0	0	0	0	0	0	0	0	0	0	0	0	0	0	0	0	0	0	0	0	0	0	0	0	0	0	0	0	0	0	0	0	0	0	0	0	0
Id3	0	0	12	0	0	6	4	4	16	2	22	0	39	0	5	7	0	1	4	0	2	19	0	0	0	0	30	12	45	20	1	18	7	19	9	23	1	24	2	0	1	9	0	2	3	4	4	17	0	81	0	0	0	0	0	0	0	0	0	0	0	0	0	0	0	0	0	0	0	0	0	0	0	0	0	0	0	0	0	0	0	0	0	0	0	0	0	0	0	0	0	0	0	0	0	0	0	0	0	0	0	0	0	0	0	0	0	0	0	0	0	0	0	0	0	0	0	0	0	0	0	0	0	0	0	0	0	0	0	0	0	0	0	0	0	0	0	0	0	0	0	0	0	0	0	0	0	0	0	0	0	0	0	0	0	0	0	0	0	0	0	0	0	0	0	0	0	0	0	0	0	0	0	0
Ikzf1	0	0	99	0	14	20	10	49	74	12	133	0	187	0	16	16	0	18	9	3	10	97	0	0	0	0	149	70	214	103	9	73	37	106	53	125	12	75	6	0	20	32	0	23	26	20	19	98	0	8	364	0	0	0	0	0	0	0	0	0	0	0	0	0	0	0	0	0	0	0	0	0	0	0	0	0	0	0	0	0	0	0	0	0	0	0	0	0	0	0	0	0	0	0	0	0	0	0	0	0	0	0	0	0	0	0	0	0	0	0	0	0	0	0	0	0	0	0	0	0	0	0	0	0	0	0	0	0	0	0	0	0	0	0	0	0	0	0	0	0	0	0	0	0	0	0	0	0	0	0	0	0	0	0	0	0	0	0	0	0	0	0	0	0	0	0	0	0	0	0	0	0	0	0
Ikzf2	0	0	97	0	16	17	8	48	56	5	118	0	164	0	19	13	0	18	11	2	4	69	0	0	0	0	110	55	169	95	7	67	22	91	52	104	9	64	10	0	19	23	0	22	25	18	20	79	0	4	101	314	0	0	0	0	0	0	0	0	0	0	0	0	0	0	0	0	0	0	0	0	0	0	0	0	0	0	0	0	0	0	0	0	0	0	0	0	0	0	0	0	0	0	0	0	0	0	0	0	0	0	0	0	0	0	0	0	0	0	0	0	0	0	0	0	0	0	0	0	0	0	0	0	0	0	0	0	0	0	0	0	0	0	0	0	0	0	0	0	0	0	0	0	0	0	0	0	0	0	0	0	0	0	0	0	0	0	0	0	0	0	0	0	0	0	0	0	0	0	0	0	0	0
Ikzf3	0	0	32	0	8	2	2	13	23	2	39	0	57	0	7	9	0	8	1	1	3	29	0	0	0	0	48	28	78	29	0	28	13	36	16	45	2	23	6	0	6	6	0	1	6	6	3	26	0	3	73	66	119	0	0	0	0	0	0	0	0	0	0	0	0	0	0	0	0	0	0	0	0	0	0	0	0	0	0	0	0	0	0	0	0	0	0	0	0	0	0	0	0	0	0	0	0	0	0	0	0	0	0	0	0	0	0	0	0	0	0	0	0	0	0	0	0	0	0	0	0	0	0	0	0	0	0	0	0	0	0	0	0	0	0	0	0	0	0	0	0	0	0	0	0	0	0	0	0	0	0	0	0	0	0	0	0	0	0	0	0	0	0	0	0	0	0	0	0	0	0	0	0	0
Ikzf4	0	2	0	9	0	0	0	0	0	0	0	4	0	2	0	0	11	0	0	0	0	0	20	13	4	0	0	0	0	0	0	0	0	0	0	0	0	0	0	3	0	0	2	0	0	0	0	0	9	0	0	0	0	111	0	0	0	0	0	0	0	0	0	0	0	0	0	0	0	0	0	0	0	0	0	0	0	0	0	0	0	0	0	0	0	0	0	0	0	0	0	0	0	0	0	0	0	0	0	0	0	0	0	0	0	0	0	0	0	0	0	0	0	0	0	0	0	0	0	0	0	0	0	0	0	0	0	0	0	0	0	0	0	0	0	0	0	0	0	0	0	0	0	0	0	0	0	0	0	0	0	0	0	0	0	0	0	0	0	0	0	0	0	0	0	0	0	0	0	0	0	0	0	0
Ikzf5	0	0	8	0	1	0	0	4	8	3	16	0	19	0	1	4	0	4	4	0	0	6	0	0	0	0	19	3	23	0	1	14	6	10	0	13	1	10	0	0	4	5	0	0	2	4	2	13	0	0	5	5	2	0	34	0	0	0	0	0	0	0	0	0	0	0	0	0	0	0	0	0	0	0	0	0	0	0	0	0	0	0	0	0	0	0	0	0	0	0	0	0	0	0	0	0	0	0	0	0	0	0	0	0	0	0	0	0	0	0	0	0	0	0	0	0	0	0	0	0	0	0	0	0	0	0	0	0	0	0	0	0	0	0	0	0	0	0	0	0	0	0	0	0	0	0	0	0	0	0	0	0	0	0	0	0	0	0	0	0	0	0	0	0	0	0	0	0	0	0	0	0	0	0
Insm1	0	0	42	0	6	12	6	23	28	8	73	0	75	0	3	9	0	18	9	3	7	84	0	0	0	0	100	53	120	57	14	54	22	57	27	71	14	71	5	0	11	16	0	7	18	3	6	45	0	2	21	20	6	0	2	220	0	0	0	0	0	0	0	0	0	0	0	0	0	0	0	0	0	0	0	0	0	0	0	0	0	0	0	0	0	0	0	0	0	0	0	0	0	0	0	0	0	0	0	0	0	0	0	0	0	0	0	0	0	0	0	0	0	0	0	0	0	0	0	0	0	0	0	0	0	0	0	0	0	0	0	0	0	0	0	0	0	0	0	0	0	0	0	0	0	0	0	0	0	0	0	0	0	0	0	0	0	0	0	0	0	0	0	0	0	0	0	0	0	0	0	0	0	0
Irf1	0	0	433	0	53	48	38	181	280	56	506	0	882	0	83	61	0	44	27	16	28	284	0	0	0	0	497	180	853	592	44	251	115	363	291	457	38	247	17	0	76	110	0	81	93	61	65	325	0	32	170	162	52	0	20	87	1603	0	0	0	0	0	0	0	0	0	0	0	0	0	0	0	0	0	0	0	0	0	0	0	0	0	0	0	0	0	0	0	0	0	0	0	0	0	0	0	0	0	0	0	0	0	0	0	0	0	0	0	0	0	0	0	0	0	0	0	0	0	0	0	0	0	0	0	0	0	0	0	0	0	0	0	0	0	0	0	0	0	0	0	0	0	0	0	0	0	0	0	0	0	0	0	0	0	0	0	0	0	0	0	0	0	0	0	0	0	0	0	0	0	0	0	0	0
Irf2	0	0	275	0	33	34	28	136	198	35	355	0	607	0	56	45	0	31	23	10	20	204	0	0	0	0	339	121	537	384	31	179	88	255	170	342	29	172	12	0	52	77	0	58	56	36	46	240	0	21	122	122	36	0	12	65	904	1064	0	0	0	0	0	0	0	0	0	0	0	0	0	0	0	0	0	0	0	0	0	0	0	0	0	0	0	0	0	0	0	0	0	0	0	0	0	0	0	0	0	0	0	0	0	0	0	0	0	0	0	0	0	0	0	0	0	0	0	0	0	0	0	0	0	0	0	0	0	0	0	0	0	0	0	0	0	0	0	0	0	0	0	0	0	0	0	0	0	0	0	0	0	0	0	0	0	0	0	0	0	0	0	0	0	0	0	0	0	0	0	0	0	0	0	0
Irf3	0	0	331	0	39	46	32	146	229	44	415	0	637	0	74	58	0	33	35	14	23	296	0	0	0	0	451	164	676	465	43	245	92	372	226	400	39	250	21	0	57	94	0	67	71	47	56	280	0	32	143	163	52	0	19	82	919	706	1328	0	0	0	0	0	0	0	0	0	0	0	0	0	0	0	0	0	0	0	0	0	0	0	0	0	0	0	0	0	0	0	0	0	0	0	0	0	0	0	0	0	0	0	0	0	0	0	0	0	0	0	0	0	0	0	0	0	0	0	0	0	0	0	0	0	0	0	0	0	0	0	0	0	0	0	0	0	0	0	0	0	0	0	0	0	0	0	0	0	0	0	0	0	0	0	0	0	0	0	0	0	0	0	0	0	0	0	0	0	0	0	0	0	0	0
Irf4	0	0	244	0	0	29	41	96	153	0	287	0	598	0	52	32	0	28	11	24	12	130	0	0	0	0	0	0	504	854	25	0	65	173	367	338	0	127	9	0	30	65	0	42	58	0	40	163	0	11	79	82	27	0	0	45	571	369	422	999	0	0	0	0	0	0	0	0	0	0	0	0	0	0	0	0	0	0	0	0	0	0	0	0	0	0	0	0	0	0	0	0	0	0	0	0	0	0	0	0	0	0	0	0	0	0	0	0	0	0	0	0	0	0	0	0	0	0	0	0	0	0	0	0	0	0	0	0	0	0	0	0	0	0	0	0	0	0	0	0	0	0	0	0	0	0	0	0	0	0	0	0	0	0	0	0	0	0	0	0	0	0	0	0	0	0	0	0	0	0	0	0	0	0
Irf6	1	2	0	3	0	0	0	0	0	0	0	2	0	1	0	0	1	0	0	0	0	0	8	4	4	1	0	0	0	0	0	0	0	0	0	0	0	0	0	3	0	0	2	0	0	0	0	0	5	0	0	0	0	3	0	0	0	0	0	0	54	0	0	0	0	0	0	0	0	0	0	0	0	0	0	0	0	0	0	0	0	0	0	0	0	0	0	0	0	0	0	0	0	0	0	0	0	0	0	0	0	0	0	0	0	0	0	0	0	0	0	0	0	0	0	0	0	0	0	0	0	0	0	0	0	0	0	0	0	0	0	0	0	0	0	0	0	0	0	0	0	0	0	0	0	0	0	0	0	0	0	0	0	0	0	0	0	0	0	0	0	0	0	0	0	0	0	0	0	0	0	0	0	0
Irf8	27	30	0	58	0	0	0	0	0	0	0	65	0	35	0	0	63	0	0	0	0	0	157	131	33	9	0	0	0	0	0	0	0	0	0	0	0	0	0	37	0	0	61	0	0	0	0	0	54	0	0	0	0	53	0	0	0	0	0	0	37	1211	0	0	0	0	0	0	0	0	0	0	0	0	0	0	0	0	0	0	0	0	0	0	0	0	0	0	0	0	0	0	0	0	0	0	0	0	0	0	0	0	0	0	0	0	0	0	0	0	0	0	0	0	0	0	0	0	0	0	0	0	0	0	0	0	0	0	0	0	0	0	0	0	0	0	0	0	0	0	0	0	0	0	0	0	0	0	0	0	0	0	0	0	0	0	0	0	0	0	0	0	0	0	0	0	0	0	0	0	0	0	0	0
Klf10_Klf11	0	0	32	0	2	13	3	24	25	5	43	0	79	0	5	4	0	13	5	2	4	83	0	0	0	0	105	42	126	50	1	29	9	44	20	73	8	73	3	0	2	14	0	7	10	8	7	41	0	3	34	16	9	0	4	15	69	54	59	32	0	0	203	0	0	0	0	0	0	0	0	0	0	0	0	0	0	0	0	0	0	0	0	0	0	0	0	0	0	0	0	0	0	0	0	0	0	0	0	0	0	0	0	0	0	0	0	0	0	0	0	0	0	0	0	0	0	0	0	0	0	0	0	0	0	0	0	0	0	0	0	0	0	0	0	0	0	0	0	0	0	0	0	0	0	0	0	0	0	0	0	0	0	0	0	0	0	0	0	0	0	0	0	0	0	0	0	0	0	0	0	0	0	0
Klf12	0	0	50	0	13	10	0	44	63	23	94	0	143	0	12	11	0	29	9	0	12	172	0	0	0	0	357	144	252	0	33	115	32	94	0	114	44	144	6	0	13	31	0	14	13	18	9	86	0	6	48	28	13	0	7	34	137	85	128	0	0	0	35	429	0	0	0	0	0	0	0	0	0	0	0	0	0	0	0	0	0	0	0	0	0	0	0	0	0	0	0	0	0	0	0	0	0	0	0	0	0	0	0	0	0	0	0	0	0	0	0	0	0	0	0	0	0	0	0	0	0	0	0	0	0	0	0	0	0	0	0	0	0	0	0	0	0	0	0	0	0	0	0	0	0	0	0	0	0	0	0	0	0	0	0	0	0	0	0	0	0	0	0	0	0	0	0	0	0	0	0	0	0	0
Klf13	0	0	73	0	15	22	11	40	67	12	106	0	164	0	19	15	0	20	9	7	5	135	0	0	0	0	213	90	248	104	21	73	41	101	39	156	26	116	12	0	20	30	0	12	20	12	20	74	0	13	52	41	15	0	8	48	148	104	148	73	0	0	35	138	444	0	0	0	0	0	0	0	0	0	0	0	0	0	0	0	0	0	0	0	0	0	0	0	0	0	0	0	0	0	0	0	0	0	0	0	0	0	0	0	0	0	0	0	0	0	0	0	0	0	0	0	0	0	0	0	0	0	0	0	0	0	0	0	0	0	0	0	0	0	0	0	0	0	0	0	0	0	0	0	0	0	0	0	0	0	0	0	0	0	0	0	0	0	0	0	0	0	0	0	0	0	0	0	0	0	0	0	0	0
Klf14	0	0	52	0	6	31	16	45	58	11	107	0	147	0	15	11	0	33	8	4	10	201	0	0	0	0	294	144	301	131	34	82	31	115	43	134	28	180	9	0	18	33	0	13	17	12	16	91	0	7	46	34	7	0	5	64	164	119	164	75	0	0	54	228	239	556	0	0	0	0	0	0	0	0	0	0	0	0	0	0	0	0	0	0	0	0	0	0	0	0	0	0	0	0	0	0	0	0	0	0	0	0	0	0	0	0	0	0	0	0	0	0	0	0	0	0	0	0	0	0	0	0	0	0	0	0	0	0	0	0	0	0	0	0	0	0	0	0	0	0	0	0	0	0	0	0	0	0	0	0	0	0	0	0	0	0	0	0	0	0	0	0	0	0	0	0	0	0	0	0	0	0	0	0
Klf2	22	12	0	20	0	0	0	0	0	0	0	24	0	29	0	0	40	0	0	0	0	0	105	101	17	5	0	0	0	0	0	0	0	0	0	0	0	0	0	14	0	0	22	0	0	0	0	0	23	0	0	0	0	13	0	0	0	0	0	0	9	163	0	0	0	0	498	0	0	0	0	0	0	0	0	0	0	0	0	0	0	0	0	0	0	0	0	0	0	0	0	0	0	0	0	0	0	0	0	0	0	0	0	0	0	0	0	0	0	0	0	0	0	0	0	0	0	0	0	0	0	0	0	0	0	0	0	0	0	0	0	0	0	0	0	0	0	0	0	0	0	0	0	0	0	0	0	0	0	0	0	0	0	0	0	0	0	0	0	0	0	0	0	0	0	0	0	0	0	0	0	0	0	0
Klf3	17	10	0	11	0	0	0	0	0	0	0	30	0	19	0	0	20	0	0	0	0	0	54	56	5	3	0	0	0	0	0	0	0	0	0	0	0	0	0	10	0	0	18	0	0	0	0	0	20	0	0	0	0	10	0	0	0	0	0	0	6	120	0	0	0	0	67	349	0	0	0	0	0	0	0	0	0	0	0	0	0	0	0	0	0	0	0	0	0	0	0	0	0	0	0	0	0	0	0	0	0	0	0	0	0	0	0	0	0	0	0	0	0	0	0	0	0	0	0	0	0	0	0	0	0	0	0	0	0	0	0	0	0	0	0	0	0	0	0	0	0	0	0	0	0	0	0	0	0	0	0	0	0	0	0	0	0	0	0	0	0	0	0	0	0	0	0	0	0	0	0	0	0	0
Klf4	0	0	119	0	23	34	0	77	105	35	206	0	270	0	22	26	0	39	13	0	26	313	0	0	0	0	644	293	436	0	49	189	42	155	0	230	60	261	10	0	28	48	0	33	24	40	20	163	0	18	83	64	21	0	10	53	271	175	250	0	0	0	67	368	160	241	0	0	804	0	0	0	0	0	0	0	0	0	0	0	0	0	0	0	0	0	0	0	0	0	0	0	0	0	0	0	0	0	0	0	0	0	0	0	0	0	0	0	0	0	0	0	0	0	0	0	0	0	0	0	0	0	0	0	0	0	0	0	0	0	0	0	0	0	0	0	0	0	0	0	0	0	0	0	0	0	0	0	0	0	0	0	0	0	0	0	0	0	0	0	0	0	0	0	0	0	0	0	0	0	0	0	0	0
Klf5	65	32	0	39	0	0	0	0	0	0	0	68	0	70	0	0	90	0	0	0	0	0	353	323	55	12	0	0	0	0	0	0	0	0	0	0	0	0	0	24	0	0	49	0	0	0	0	0	46	0	0	0	0	36	0	0	0	0	0	0	19	341	0	0	0	0	290	159	0	1551	0	0	0	0	0	0	0	0	0	0	0	0	0	0	0	0	0	0	0	0	0	0	0	0	0	0	0	0	0	0	0	0	0	0	0	0	0	0	0	0	0	0	0	0	0	0	0	0	0	0	0	0	0	0	0	0	0	0	0	0	0	0	0	0	0	0	0	0	0	0	0	0	0	0	0	0	0	0	0	0	0	0	0	0	0	0	0	0	0	0	0	0	0	0	0	0	0	0	0	0	0	0	0	0
Klf7	0	0	114	0	15	62	30	83	107	31	196	0	270	0	21	19	0	56	15	8	29	418	0	0	0	0	511	235	560	250	52	150	57	183	91	244	49	356	20	0	31	61	0	28	29	22	27	168	0	20	96	59	28	0	9	94	279	191	285	146	0	0	89	371	244	439	0	0	469	0	1047	0	0	0	0	0	0	0	0	0	0	0	0	0	0	0	0	0	0	0	0	0	0	0	0	0	0	0	0	0	0	0	0	0	0	0	0	0	0	0	0	0	0	0	0	0	0	0	0	0	0	0	0	0	0	0	0	0	0	0	0	0	0	0	0	0	0	0	0	0	0	0	0	0	0	0	0	0	0	0	0	0	0	0	0	0	0	0	0	0	0	0	0	0	0	0	0	0	0	0	0	0	0	0
Lcor	0	0	14	0	5	2	0	5	10	1	15	0	27	0	3	2	0	2	1	0	0	4	0	0	0	0	26	8	24	0	0	15	3	15	0	12	1	3	0	0	2	5	0	3	2	5	5	13	0	1	6	7	4	0	1	5	23	11	14	0	0	0	1	9	6	3	0	0	14	0	8	44	0	0	0	0	0	0	0	0	0	0	0	0	0	0	0	0	0	0	0	0	0	0	0	0	0	0	0	0	0	0	0	0	0	0	0	0	0	0	0	0	0	0	0	0	0	0	0	0	0	0	0	0	0	0	0	0	0	0	0	0	0	0	0	0	0	0	0	0	0	0	0	0	0	0	0	0	0	0	0	0	0	0	0	0	0	0	0	0	0	0	0	0	0	0	0	0	0	0	0	0	0	0
Lhx6	0	0	62	0	10	6	3	18	29	5	53	0	75	0	11	7	0	7	3	1	2	21	0	0	0	0	42	19	79	40	3	29	10	41	23	42	1	22	0	0	7	13	0	8	37	32	43	33	0	4	20	24	8	0	2	10	80	47	62	36	0	0	4	13	18	16	0	0	24	0	25	5	140	0	0	0	0	0	0	0	0	0	0	0	0	0	0	0	0	0	0	0	0	0	0	0	0	0	0	0	0	0	0	0	0	0	0	0	0	0	0	0	0	0	0	0	0	0	0	0	0	0	0	0	0	0	0	0	0	0	0	0	0	0	0	0	0	0	0	0	0	0	0	0	0	0	0	0	0	0	0	0	0	0	0	0	0	0	0	0	0	0	0	0	0	0	0	0	0	0	0	0	0	0
Lin54	0	0	63	0	7	4	4	24	33	5	58	0	72	0	17	8	0	4	11	2	3	37	0	0	0	0	45	16	83	47	4	32	16	51	27	50	4	30	2	0	11	10	0	7	12	8	8	41	0	0	22	15	8	0	4	3	78	60	66	40	0	0	8	13	13	14	0	0	24	0	19	2	5	139	0	0	0	0	0	0	0	0	0	0	0	0	0	0	0	0	0	0	0	0	0	0	0	0	0	0	0	0	0	0	0	0	0	0	0	0	0	0	0	0	0	0	0	0	0	0	0	0	0	0	0	0	0	0	0	0	0	0	0	0	0	0	0	0	0	0	0	0	0	0	0	0	0	0	0	0	0	0	0	0	0	0	0	0	0	0	0	0	0	0	0	0	0	0	0	0	0	0	0	0
Lyl1	0	0	116	0	13	14	17	68	93	17	148	0	230	0	25	9	0	16	10	7	9	101	0	0	0	0	159	59	279	163	22	79	38	111	77	164	18	79	7	0	20	29	0	21	26	16	18	96	0	7	52	48	14	0	7	22	229	171	213	129	0	0	16	54	53	53	0	0	97	0	108	9	21	26	474	0	0	0	0	0	0	0	0	0	0	0	0	0	0	0	0	0	0	0	0	0	0	0	0	0	0	0	0	0	0	0	0	0	0	0	0	0	0	0	0	0	0	0	0	0	0	0	0	0	0	0	0	0	0	0	0	0	0	0	0	0	0	0	0	0	0	0	0	0	0	0	0	0	0	0	0	0	0	0	0	0	0	0	0	0	0	0	0	0	0	0	0	0	0	0	0	0	0	0
Maz	0	0	252	0	28	76	36	133	204	43	365	0	530	0	52	56	0	65	29	16	38	491	0	0	0	0	640	281	787	409	69	212	100	282	169	519	50	398	21	0	60	82	0	53	57	44	51	278	0	35	172	110	59	0	16	109	511	387	480	275	0	0	133	195	209	266	0	0	410	0	480	10	44	45	201	1465	0	0	0	0	0	0	0	0	0	0	0	0	0	0	0	0	0	0	0	0	0	0	0	0	0	0	0	0	0	0	0	0	0	0	0	0	0	0	0	0	0	0	0	0	0	0	0	0	0	0	0	0	0	0	0	0	0	0	0	0	0	0	0	0	0	0	0	0	0	0	0	0	0	0	0	0	0	0	0	0	0	0	0	0	0	0	0	0	0	0	0	0	0	0	0	0	0	0
Mbd2	0	0	32	0	5	11	7	13	23	3	45	0	57	0	5	4	0	9	1	6	9	93	0	0	0	0	103	53	115	58	13	28	17	37	22	61	11	99	1	0	3	6	0	6	8	5	6	37	0	3	20	13	9	0	0	18	59	49	59	29	0	0	15	37	34	58	0	0	76	0	96	1	5	5	22	103	206	0	0	0	0	0	0	0	0	0	0	0	0	0	0	0	0	0	0	0	0	0	0	0	0	0	0	0	0	0	0	0	0	0	0	0	0	0	0	0	0	0	0	0	0	0	0	0	0	0	0	0	0	0	0	0	0	0	0	0	0	0	0	0	0	0	0	0	0	0	0	0	0	0	0	0	0	0	0	0	0	0	0	0	0	0	0	0	0	0	0	0	0	0	0	0	0	0
Mecom	0	0	174	0	24	21	16	73	126	19	225	0	280	0	47	22	0	18	9	6	12	93	0	0	0	0	167	50	291	180	16	98	59	132	97	173	12	96	5	0	23	35	0	38	40	33	24	135	0	11	66	61	20	0	10	33	280	189	235	148	0	0	29	68	66	62	0	0	99	0	110	12	32	30	96	174	21	526	0	0	0	0	0	0	0	0	0	0	0	0	0	0	0	0	0	0	0	0	0	0	0	0	0	0	0	0	0	0	0	0	0	0	0	0	0	0	0	0	0	0	0	0	0	0	0	0	0	0	0	0	0	0	0	0	0	0	0	0	0	0	0	0	0	0	0	0	0	0	0	0	0	0	0	0	0	0	0	0	0	0	0	0	0	0	0	0	0	0	0	0	0	0	0	0
Mef2a	0	0	336	0	48	47	22	115	169	38	351	0	494	0	69	37	0	41	26	16	20	163	0	0	0	0	312	105	554	338	36	164	92	251	183	305	34	174	13	0	38	69	0	67	70	51	54	230	0	20	127	113	38	0	19	60	498	346	400	276	0	0	53	93	102	95	0	0	172	0	183	22	61	59	152	335	33	201	964	0	0	0	0	0	0	0	0	0	0	0	0	0	0	0	0	0	0	0	0	0	0	0	0	0	0	0	0	0	0	0	0	0	0	0	0	0	0	0	0	0	0	0	0	0	0	0	0	0	0	0	0	0	0	0	0	0	0	0	0	0	0	0	0	0	0	0	0	0	0	0	0	0	0	0	0	0	0	0	0	0	0	0	0	0	0	0	0	0	0	0	0	0	0	0
Mef2c	0	0	157	0	17	24	13	47	77	16	173	0	231	0	36	21	0	17	13	10	9	79	0	0	0	0	144	43	257	149	18	77	50	106	95	159	15	87	8	0	28	39	0	40	39	16	25	119	0	11	55	47	13	0	6	39	223	153	172	122	0	0	22	52	55	57	0	0	81	0	90	14	36	34	72	169	21	108	384	420	0	0	0	0	0	0	0	0	0	0	0	0	0	0	0	0	0	0	0	0	0	0	0	0	0	0	0	0	0	0	0	0	0	0	0	0	0	0	0	0	0	0	0	0	0	0	0	0	0	0	0	0	0	0	0	0	0	0	0	0	0	0	0	0	0	0	0	0	0	0	0	0	0	0	0	0	0	0	0	0	0	0	0	0	0	0	0	0	0	0	0	0	0	0
Mlxipl	0	0	41	0	4	86	2	19	39	6	67	0	83	0	7	7	0	29	4	4	6	75	0	0	0	0	87	34	116	60	12	41	24	52	26	63	3	62	7	0	8	13	0	7	8	11	14	47	0	8	28	27	10	0	4	18	71	48	68	40	0	0	19	27	33	42	0	0	45	0	79	0	9	7	27	99	13	23	50	27	229	0	0	0	0	0	0	0	0	0	0	0	0	0	0	0	0	0	0	0	0	0	0	0	0	0	0	0	0	0	0	0	0	0	0	0	0	0	0	0	0	0	0	0	0	0	0	0	0	0	0	0	0	0	0	0	0	0	0	0	0	0	0	0	0	0	0	0	0	0	0	0	0	0	0	0	0	0	0	0	0	0	0	0	0	0	0	0	0	0	0	0	0	0
Nfatc2	8	6	0	9	0	0	0	0	0	0	0	17	0	8	0	0	20	0	0	0	0	0	52	37	16	2	0	0	0	0	0	0	0	0	0	0	0	0	0	17	0	0	12	0	0	0	0	0	13	0	0	0	0	13	0	0	0	0	0	0	5	112	0	0	0	0	38	36	0	75	0	0	0	0	0	0	0	0	0	0	0	247	0	0	0	0	0	0	0	0	0	0	0	0	0	0	0	0	0	0	0	0	0	0	0	0	0	0	0	0	0	0	0	0	0	0	0	0	0	0	0	0	0	0	0	0	0	0	0	0	0	0	0	0	0	0	0	0	0	0	0	0	0	0	0	0	0	0	0	0	0	0	0	0	0	0	0	0	0	0	0	0	0	0	0	0	0	0	0	0	0	0	0	0
Nfatc3	0	0	75	0	7	12	8	40	56	13	110	0	149	0	19	14	0	11	5	9	6	47	0	0	0	0	77	29	147	101	12	46	32	76	58	100	10	31	5	0	22	18	0	17	22	12	11	64	0	6	31	53	15	0	6	10	133	103	121	98	0	0	16	21	30	24	0	0	43	0	43	2	9	21	54	109	3	50	95	40	14	0	245	0	0	0	0	0	0	0	0	0	0	0	0	0	0	0	0	0	0	0	0	0	0	0	0	0	0	0	0	0	0	0	0	0	0	0	0	0	0	0	0	0	0	0	0	0	0	0	0	0	0	0	0	0	0	0	0	0	0	0	0	0	0	0	0	0	0	0	0	0	0	0	0	0	0	0	0	0	0	0	0	0	0	0	0	0	0	0	0	0	0	0
Nfe2	0	0	237	0	33	116	30	118	352	75	451	0	461	0	56	59	0	66	18	14	19	245	0	0	0	0	354	139	550	309	39	272	147	217	139	315	37	226	24	0	41	63	0	59	57	43	44	232	0	21	136	118	38	0	12	87	425	315	373	239	0	0	54	120	125	129	0	0	222	0	261	15	45	53	141	408	47	165	284	138	141	0	106	1042	0	0	0	0	0	0	0	0	0	0	0	0	0	0	0	0	0	0	0	0	0	0	0	0	0	0	0	0	0	0	0	0	0	0	0	0	0	0	0	0	0	0	0	0	0	0	0	0	0	0	0	0	0	0	0	0	0	0	0	0	0	0	0	0	0	0	0	0	0	0	0	0	0	0	0	0	0	0	0	0	0	0	0	0	0	0	0	0	0	0
Nfe2l1	0	0	21	0	3	2	4	10	16	6	50	0	44	0	11	7	0	2	1	1	0	9	0	0	0	0	25	5	39	24	5	19	10	22	19	23	4	15	2	0	5	6	0	4	10	7	6	18	0	1	12	11	3	0	3	6	45	33	30	22	0	0	7	12	15	14	0	0	17	0	20	2	2	4	10	31	0	17	25	8	7	0	13	26	83	0	0	0	0	0	0	0	0	0	0	0	0	0	0	0	0	0	0	0	0	0	0	0	0	0	0	0	0	0	0	0	0	0	0	0	0	0	0	0	0	0	0	0	0	0	0	0	0	0	0	0	0	0	0	0	0	0	0	0	0	0	0	0	0	0	0	0	0	0	0	0	0	0	0	0	0	0	0	0	0	0	0	0	0	0	0	0	0	0
Nfib	0	0	6	0	0	4	2	4	10	0	13	0	18	0	3	1	0	1	1	0	0	6	0	0	0	0	0	0	21	28	1	0	4	9	19	8	0	2	0	0	0	2	0	2	3	0	2	8	0	0	3	2	0	0	0	1	15	12	15	22	0	0	1	0	2	4	0	0	0	0	7	0	0	1	5	14	1	12	11	5	2	0	2	10	1	43	0	0	0	0	0	0	0	0	0	0	0	0	0	0	0	0	0	0	0	0	0	0	0	0	0	0	0	0	0	0	0	0	0	0	0	0	0	0	0	0	0	0	0	0	0	0	0	0	0	0	0	0	0	0	0	0	0	0	0	0	0	0	0	0	0	0	0	0	0	0	0	0	0	0	0	0	0	0	0	0	0	0	0	0	0	0	0	0
Nfkb1	0	0	106	0	14	20	7	54	85	20	166	0	211	0	25	23	0	18	7	11	11	116	0	0	0	0	169	66	267	147	10	81	47	102	69	157	23	99	11	0	85	57	0	24	30	19	18	119	0	12	73	49	31	0	10	35	220	149	175	106	0	0	33	68	65	68	0	0	112	0	122	7	24	24	81	218	26	88	159	72	32	0	54	144	22	5	468	0	0	0	0	0	0	0	0	0	0	0	0	0	0	0	0	0	0	0	0	0	0	0	0	0	0	0	0	0	0	0	0	0	0	0	0	0	0	0	0	0	0	0	0	0	0	0	0	0	0	0	0	0	0	0	0	0	0	0	0	0	0	0	0	0	0	0	0	0	0	0	0	0	0	0	0	0	0	0	0	0	0	0	0	0	0	0
Nfkb2	0	0	24	0	5	4	0	12	24	8	42	0	44	0	3	5	0	6	2	0	1	30	0	0	0	0	55	24	51	0	7	42	17	28	0	33	14	20	3	0	22	8	0	8	7	6	4	27	0	4	18	13	6	0	6	18	44	26	37	0	0	0	7	21	13	12	0	0	39	0	21	4	7	9	18	48	5	22	39	25	9	0	10	38	2	0	77	98	0	0	0	0	0	0	0	0	0	0	0	0	0	0	0	0	0	0	0	0	0	0	0	0	0	0	0	0	0	0	0	0	0	0	0	0	0	0	0	0	0	0	0	0	0	0	0	0	0	0	0	0	0	0	0	0	0	0	0	0	0	0	0	0	0	0	0	0	0	0	0	0	0	0	0	0	0	0	0	0	0	0	0	0	0	0
Nfya	0	0	107	0	14	37	15	59	83	11	160	0	214	0	16	19	0	29	16	14	19	240	0	0	0	0	288	116	328	156	29	217	42	346	70	189	34	165	13	0	20	42	0	21	21	18	21	110	0	18	70	58	20	0	7	67	211	158	289	92	0	0	37	101	101	129	0	0	161	0	245	11	20	29	79	264	51	71	145	77	50	0	43	164	18	8	85	19	647	0	0	0	0	0	0	0	0	0	0	0	0	0	0	0	0	0	0	0	0	0	0	0	0	0	0	0	0	0	0	0	0	0	0	0	0	0	0	0	0	0	0	0	0	0	0	0	0	0	0	0	0	0	0	0	0	0	0	0	0	0	0	0	0	0	0	0	0	0	0	0	0	0	0	0	0	0	0	0	0	0	0	0	0	0
Npas2	0	0	6	0	0	3	1	2	5	0	7	0	11	0	1	4	0	4	0	0	0	2	0	0	0	0	0	0	15	17	1	0	2	2	7	7	0	13	12	0	0	2	0	2	1	0	1	6	0	2	4	4	4	0	0	1	11	6	10	10	0	0	2	0	4	4	0	0	0	0	11	0	1	0	3	9	0	3	11	6	4	0	3	12	0	0	3	0	3	21	0	0	0	0	0	0	0	0	0	0	0	0	0	0	0	0	0	0	0	0	0	0	0	0	0	0	0	0	0	0	0	0	0	0	0	0	0	0	0	0	0	0	0	0	0	0	0	0	0	0	0	0	0	0	0	0	0	0	0	0	0	0	0	0	0	0	0	0	0	0	0	0	0	0	0	0	0	0	0	0	0	0	0	0
Nr1d1	0	0	25	0	6	3	0	17	17	5	36	0	48	0	5	4	0	2	0	0	2	17	0	0	0	0	53	18	54	0	3	28	9	18	0	35	4	14	0	0	4	8	0	11	8	10	7	26	0	1	7	10	4	0	1	8	54	32	44	0	0	0	4	14	9	7	0	0	24	0	13	8	6	4	17	34	2	25	41	19	3	0	4	33	2	0	18	8	17	0	90	0	0	0	0	0	0	0	0	0	0	0	0	0	0	0	0	0	0	0	0	0	0	0	0	0	0	0	0	0	0	0	0	0	0	0	0	0	0	0	0	0	0	0	0	0	0	0	0	0	0	0	0	0	0	0	0	0	0	0	0	0	0	0	0	0	0	0	0	0	0	0	0	0	0	0	0	0	0	0	0	0	0	0
Nr1d2	0	0	11	0	3	1	0	11	12	4	20	0	23	0	3	2	0	1	0	0	2	13	0	0	0	0	31	11	34	0	1	16	4	11	0	20	2	7	0	0	2	4	0	5	6	4	4	15	0	1	3	4	2	0	0	7	27	17	24	0	0	0	3	8	5	4	0	0	11	0	8	3	5	2	12	18	1	14	25	11	1	0	1	21	2	0	10	2	7	0	53	53	0	0	0	0	0	0	0	0	0	0	0	0	0	0	0	0	0	0	0	0	0	0	0	0	0	0	0	0	0	0	0	0	0	0	0	0	0	0	0	0	0	0	0	0	0	0	0	0	0	0	0	0	0	0	0	0	0	0	0	0	0	0	0	0	0	0	0	0	0	0	0	0	0	0	0	0	0	0	0	0	0	0
Nr1h2	0	0	33	0	6	7	2	18	25	7	57	0	68	0	6	6	0	5	4	0	3	40	0	0	0	0	59	20	87	45	6	36	20	37	16	57	4	24	5	0	10	18	0	8	8	6	7	39	0	2	19	19	5	0	4	18	72	50	64	37	0	0	4	18	15	17	0	0	33	0	33	1	4	10	20	58	14	31	70	27	10	0	15	46	6	2	30	5	30	4	11	10	150	0	0	0	0	0	0	0	0	0	0	0	0	0	0	0	0	0	0	0	0	0	0	0	0	0	0	0	0	0	0	0	0	0	0	0	0	0	0	0	0	0	0	0	0	0	0	0	0	0	0	0	0	0	0	0	0	0	0	0	0	0	0	0	0	0	0	0	0	0	0	0	0	0	0	0	0	0	0	0	0	0
Nr2c2	0	0	189	0	27	37	21	101	153	34	317	0	405	0	45	26	0	37	21	7	31	246	0	0	0	0	397	149	600	252	72	172	81	223	138	286	37	204	10	0	45	70	0	48	43	39	40	212	0	21	113	89	32	0	15	86	394	282	331	194	0	0	58	127	124	158	0	0	246	0	266	12	34	53	125	374	71	149	258	128	56	0	71	266	21	11	144	36	170	5	31	22	119	963	0	0	0	0	0	0	0	0	0	0	0	0	0	0	0	0	0	0	0	0	0	0	0	0	0	0	0	0	0	0	0	0	0	0	0	0	0	0	0	0	0	0	0	0	0	0	0	0	0	0	0	0	0	0	0	0	0	0	0	0	0	0	0	0	0	0	0	0	0	0	0	0	0	0	0	0	0	0	0	0
Nr4a1	0	0	63	0	11	10	7	37	51	12	109	0	126	0	14	6	0	15	7	1	9	47	0	0	0	0	100	39	139	77	7	66	32	82	48	110	10	52	4	0	14	26	0	17	20	16	17	78	0	8	39	37	11	0	7	27	119	94	117	59	0	0	22	27	29	32	0	0	54	0	63	7	21	10	41	98	17	59	87	47	15	0	27	93	10	4	50	14	44	1	9	7	42	177	247	0	0	0	0	0	0	0	0	0	0	0	0	0	0	0	0	0	0	0	0	0	0	0	0	0	0	0	0	0	0	0	0	0	0	0	0	0	0	0	0	0	0	0	0	0	0	0	0	0	0	0	0	0	0	0	0	0	0	0	0	0	0	0	0	0	0	0	0	0	0	0	0	0	0	0	0	0	0	0
Nr4a3	0	0	40	0	7	5	4	20	32	7	57	0	73	0	5	4	0	14	5	1	5	36	0	0	0	0	65	29	82	41	3	40	19	43	22	60	4	35	5	0	10	16	0	9	8	11	10	37	0	2	20	18	12	0	4	7	66	44	61	30	0	0	12	25	18	24	0	0	45	0	46	3	9	11	21	65	11	28	55	29	13	0	17	51	4	2	29	9	26	2	9	6	23	105	75	161	0	0	0	0	0	0	0	0	0	0	0	0	0	0	0	0	0	0	0	0	0	0	0	0	0	0	0	0	0	0	0	0	0	0	0	0	0	0	0	0	0	0	0	0	0	0	0	0	0	0	0	0	0	0	0	0	0	0	0	0	0	0	0	0	0	0	0	0	0	0	0	0	0	0	0	0	0	0
Nr6a1	0	0	72	0	10	16	8	38	60	16	119	0	144	0	15	10	0	8	5	2	11	62	0	0	0	0	113	44	174	76	10	68	32	87	40	103	8	61	10	0	16	29	0	19	22	22	13	85	0	4	35	33	16	0	4	25	138	99	118	64	0	0	19	43	25	42	0	0	69	0	76	6	18	14	47	111	14	67	96	60	18	0	32	87	7	5	47	13	49	1	13	8	37	104	76	30	283	0	0	0	0	0	0	0	0	0	0	0	0	0	0	0	0	0	0	0	0	0	0	0	0	0	0	0	0	0	0	0	0	0	0	0	0	0	0	0	0	0	0	0	0	0	0	0	0	0	0	0	0	0	0	0	0	0	0	0	0	0	0	0	0	0	0	0	0	0	0	0	0	0	0	0	0	0
Nrf1	0	0	107	0	22	41	0	51	68	21	174	0	204	0	15	20	0	39	16	0	25	354	0	0	0	0	671	338	433	0	41	159	33	152	0	186	57	308	9	0	13	31	0	16	20	36	19	142	0	23	81	58	30	0	7	63	229	146	224	0	0	0	54	221	131	207	0	0	400	0	341	9	26	16	86	377	73	73	138	68	53	0	31	194	9	0	83	24	173	0	23	12	21	219	38	34	55	773	0	0	0	0	0	0	0	0	0	0	0	0	0	0	0	0	0	0	0	0	0	0	0	0	0	0	0	0	0	0	0	0	0	0	0	0	0	0	0	0	0	0	0	0	0	0	0	0	0	0	0	0	0	0	0	0	0	0	0	0	0	0	0	0	0	0	0	0	0	0	0	0	0	0	0	0
Patz1	0	0	53	0	6	16	6	23	44	8	72	0	111	0	7	7	0	21	1	3	10	110	0	0	0	0	143	66	164	91	10	46	22	48	32	86	11	89	4	0	21	22	0	14	13	9	13	70	0	5	32	16	8	0	3	18	115	83	89	61	0	0	37	49	37	63	0	0	111	0	104	3	9	9	34	228	19	40	59	32	20	0	18	90	8	3	41	16	40	3	9	7	15	73	27	18	21	83	310	0	0	0	0	0	0	0	0	0	0	0	0	0	0	0	0	0	0	0	0	0	0	0	0	0	0	0	0	0	0	0	0	0	0	0	0	0	0	0	0	0	0	0	0	0	0	0	0	0	0	0	0	0	0	0	0	0	0	0	0	0	0	0	0	0	0	0	0	0	0	0	0	0	0	0
Pbx2	0	0	33	0	2	5	4	11	15	4	44	0	48	0	10	2	0	2	3	1	2	11	0	0	0	0	30	9	54	33	3	19	9	38	20	32	0	14	1	0	7	7	0	8	10	8	3	16	0	2	14	10	4	0	0	4	44	35	34	30	0	0	2	5	3	7	0	0	10	0	11	2	6	4	15	29	1	20	34	14	6	0	16	24	9	2	14	3	18	1	6	3	3	26	10	7	16	8	5	96	0	0	0	0	0	0	0	0	0	0	0	0	0	0	0	0	0	0	0	0	0	0	0	0	0	0	0	0	0	0	0	0	0	0	0	0	0	0	0	0	0	0	0	0	0	0	0	0	0	0	0	0	0	0	0	0	0	0	0	0	0	0	0	0	0	0	0	0	0	0	0	0	0	0
Pbx3	0	0	172	0	25	56	28	89	146	29	279	0	361	0	32	26	0	53	25	16	25	318	0	0	0	0	398	168	527	281	46	262	68	397	108	306	48	268	17	0	32	68	0	30	46	33	42	183	0	27	98	93	30	0	13	76	366	262	427	181	0	0	56	135	136	183	0	0	234	0	319	11	36	44	140	421	65	128	254	119	69	0	73	267	21	9	123	33	507	8	27	15	55	263	75	43	91	234	75	38	1003	0	0	0	0	0	0	0	0	0	0	0	0	0	0	0	0	0	0	0	0	0	0	0	0	0	0	0	0	0	0	0	0	0	0	0	0	0	0	0	0	0	0	0	0	0	0	0	0	0	0	0	0	0	0	0	0	0	0	0	0	0	0	0	0	0	0	0	0	0	0	0	0	0
Pou4f1	0	0	102	0	16	9	4	37	62	11	86	0	120	0	14	10	0	11	4	5	8	52	0	0	0	0	71	20	131	74	11	50	25	73	43	85	7	47	4	0	15	14	0	22	24	24	30	61	0	7	41	32	15	0	4	11	121	88	102	62	0	0	12	15	24	16	0	0	38	0	36	4	24	15	44	89	4	60	108	46	10	0	27	75	7	1	42	11	45	3	14	7	10	73	31	15	24	33	22	13	63	219	0	0	0	0	0	0	0	0	0	0	0	0	0	0	0	0	0	0	0	0	0	0	0	0	0	0	0	0	0	0	0	0	0	0	0	0	0	0	0	0	0	0	0	0	0	0	0	0	0	0	0	0	0	0	0	0	0	0	0	0	0	0	0	0	0	0	0	0	0	0	0	0
Ppard	0	0	39	0	9	5	6	24	39	7	67	0	97	0	6	8	0	10	3	1	3	28	0	0	0	0	66	18	104	48	3	37	18	41	19	57	7	26	7	0	10	16	0	14	11	10	6	46	0	3	28	24	3	0	2	6	79	65	70	34	0	0	11	21	16	18	0	0	41	0	36	2	7	7	25	60	8	35	52	27	16	0	22	49	6	0	21	6	30	6	5	4	37	95	45	27	36	28	6	5	48	11	162	0	0	0	0	0	0	0	0	0	0	0	0	0	0	0	0	0	0	0	0	0	0	0	0	0	0	0	0	0	0	0	0	0	0	0	0	0	0	0	0	0	0	0	0	0	0	0	0	0	0	0	0	0	0	0	0	0	0	0	0	0	0	0	0	0	0	0	0	0	0	0
Pparg	0	0	51	0	0	8	12	23	29	0	69	0	103	0	19	10	0	5	5	4	3	48	0	0	0	0	0	0	117	153	5	0	15	51	76	70	0	40	5	0	11	21	0	8	11	0	10	48	0	5	25	15	5	0	0	9	99	69	88	126	0	0	11	0	21	22	0	0	0	0	45	0	8	11	26	83	16	34	66	31	11	0	28	58	8	4	31	0	33	6	0	0	35	125	50	36	20	0	18	5	56	19	33	219	0	0	0	0	0	0	0	0	0	0	0	0	0	0	0	0	0	0	0	0	0	0	0	0	0	0	0	0	0	0	0	0	0	0	0	0	0	0	0	0	0	0	0	0	0	0	0	0	0	0	0	0	0	0	0	0	0	0	0	0	0	0	0	0	0	0	0	0	0	0
Prdm1	0	0	191	0	42	36	0	96	178	78	318	0	469	0	38	29	0	27	18	0	14	162	0	0	0	0	460	170	434	0	29	302	105	198	0	247	44	153	9	0	35	60	0	36	44	51	30	183	0	23	104	84	34	0	19	51	476	380	391	0	0	0	47	127	94	97	0	0	252	0	171	20	39	35	110	297	36	162	271	125	61	0	60	285	26	0	132	43	136	0	45	26	49	253	92	48	97	202	62	25	217	66	54	0	802	0	0	0	0	0	0	0	0	0	0	0	0	0	0	0	0	0	0	0	0	0	0	0	0	0	0	0	0	0	0	0	0	0	0	0	0	0	0	0	0	0	0	0	0	0	0	0	0	0	0	0	0	0	0	0	0	0	0	0	0	0	0	0	0	0	0	0	0	0
Prdm4	0	0	22	0	2	3	2	8	20	1	26	0	36	0	4	3	0	4	1	1	2	23	0	0	0	0	40	13	49	29	0	21	4	24	12	29	3	16	1	0	2	10	0	6	7	3	4	17	0	3	8	9	2	0	1	4	42	32	38	22	0	0	5	6	13	18	0	0	10	0	23	1	4	9	10	23	8	12	23	14	7	0	5	21	2	0	10	2	27	0	5	3	3	31	6	2	9	18	7	1	29	10	2	10	15	95	0	0	0	0	0	0	0	0	0	0	0	0	0	0	0	0	0	0	0	0	0	0	0	0	0	0	0	0	0	0	0	0	0	0	0	0	0	0	0	0	0	0	0	0	0	0	0	0	0	0	0	0	0	0	0	0	0	0	0	0	0	0	0	0	0	0	0	0
Prkrir	2	1	0	7	0	0	0	0	0	0	0	2	0	4	0	0	5	0	0	0	0	0	13	8	1	1	0	0	0	0	0	0	0	0	0	0	0	0	0	2	0	0	2	0	0	0	0	0	9	0	0	0	0	2	0	0	0	0	0	0	1	25	0	0	0	0	9	13	0	17	0	0	0	0	0	0	0	0	0	0	0	8	0	0	0	0	0	0	0	0	0	0	0	0	0	0	0	0	0	0	0	0	0	0	0	0	58	0	0	0	0	0	0	0	0	0	0	0	0	0	0	0	0	0	0	0	0	0	0	0	0	0	0	0	0	0	0	0	0	0	0	0	0	0	0	0	0	0	0	0	0	0	0	0	0	0	0	0	0	0	0	0	0	0	0	0	0	0	0	0	0	0	0	0
Rbpj	8	0	0	2	0	0	0	0	0	0	0	12	0	4	0	0	13	0	0	0	0	0	18	21	2	3	0	0	0	0	0	0	0	0	0	0	0	0	0	4	0	0	1	0	0	0	0	0	8	0	0	0	0	4	0	0	0	0	0	0	6	32	0	0	0	0	16	9	0	27	0	0	0	0	0	0	0	0	0	0	0	8	0	0	0	0	0	0	0	0	0	0	0	0	0	0	0	0	0	0	0	0	0	0	0	0	3	80	0	0	0	0	0	0	0	0	0	0	0	0	0	0	0	0	0	0	0	0	0	0	0	0	0	0	0	0	0	0	0	0	0	0	0	0	0	0	0	0	0	0	0	0	0	0	0	0	0	0	0	0	0	0	0	0	0	0	0	0	0	0	0	0	0	0
Rel	0	0	29	0	0	4	2	10	17	0	32	0	46	0	12	6	0	3	0	5	2	23	0	0	0	0	0	0	63	83	4	0	10	29	44	29	0	17	3	0	19	16	0	4	8	0	6	33	0	2	17	12	8	0	0	4	51	43	43	64	0	0	8	0	13	17	0	0	0	0	23	0	4	4	19	49	5	18	38	17	3	0	17	29	4	4	88	0	21	1	0	0	7	34	10	4	12	0	4	4	28	8	5	21	0	4	0	0	114	0	0	0	0	0	0	0	0	0	0	0	0	0	0	0	0	0	0	0	0	0	0	0	0	0	0	0	0	0	0	0	0	0	0	0	0	0	0	0	0	0	0	0	0	0	0	0	0	0	0	0	0	0	0	0	0	0	0	0	0	0	0	0	0	0
Rela	0	0	346	0	51	64	35	191	279	52	495	0	771	0	79	60	0	58	31	25	41	403	0	0	0	0	612	231	944	563	63	264	127	326	246	577	60	344	28	0	101	112	0	73	87	62	58	350	0	39	202	165	63	0	19	112	797	534	653	443	0	0	103	179	206	239	0	0	375	0	407	20	65	69	257	828	94	268	483	216	97	0	141	473	50	18	388	78	286	16	46	21	77	432	132	87	143	303	167	41	437	120	82	105	424	45	0	0	98	1717	0	0	0	0	0	0	0	0	0	0	0	0	0	0	0	0	0	0	0	0	0	0	0	0	0	0	0	0	0	0	0	0	0	0	0	0	0	0	0	0	0	0	0	0	0	0	0	0	0	0	0	0	0	0	0	0	0	0	0	0	0	0	0	0
Relb	0	0	66	0	7	9	2	31	46	8	85	0	115	0	11	18	0	6	4	7	4	51	0	0	0	0	84	31	134	81	7	42	23	77	42	80	5	49	6	0	42	25	0	10	15	18	12	59	0	9	37	28	15	0	12	13	115	79	105	60	0	0	14	34	27	29	0	0	48	0	53	6	13	13	38	113	9	52	88	40	15	0	32	69	8	1	146	40	54	2	7	4	16	64	26	13	24	33	20	10	88	30	12	21	61	5	0	0	46	175	237	0	0	0	0	0	0	0	0	0	0	0	0	0	0	0	0	0	0	0	0	0	0	0	0	0	0	0	0	0	0	0	0	0	0	0	0	0	0	0	0	0	0	0	0	0	0	0	0	0	0	0	0	0	0	0	0	0	0	0	0	0	0	0
Rfx1	0	0	85	0	19	24	0	47	58	16	138	0	169	0	14	10	0	17	12	0	11	106	0	0	0	0	241	91	206	0	24	133	37	125	0	106	29	81	7	0	16	24	0	17	25	39	23	88	0	12	57	52	16	0	7	39	168	113	144	0	0	0	29	75	53	54	0	0	139	0	99	7	21	17	48	150	27	75	120	54	26	0	34	109	7	0	62	36	91	0	16	11	18	127	44	23	36	129	27	12	123	35	21	0	142	5	0	0	0	180	29	371	0	0	0	0	0	0	0	0	0	0	0	0	0	0	0	0	0	0	0	0	0	0	0	0	0	0	0	0	0	0	0	0	0	0	0	0	0	0	0	0	0	0	0	0	0	0	0	0	0	0	0	0	0	0	0	0	0	0	0	0	0	0
Rfx5	0	0	58	0	5	18	7	33	39	6	83	0	122	0	20	5	0	17	6	5	7	74	0	0	0	0	112	40	146	77	4	40	27	77	36	94	6	56	5	0	10	16	0	9	18	13	15	52	0	6	32	27	11	0	4	31	101	77	89	54	0	0	15	36	40	41	0	0	59	0	74	1	11	8	30	105	23	57	75	44	23	0	25	67	10	2	38	10	42	2	5	3	8	83	24	15	29	55	23	16	76	21	23	17	68	8	0	0	9	127	23	88	252	0	0	0	0	0	0	0	0	0	0	0	0	0	0	0	0	0	0	0	0	0	0	0	0	0	0	0	0	0	0	0	0	0	0	0	0	0	0	0	0	0	0	0	0	0	0	0	0	0	0	0	0	0	0	0	0	0	0	0	0	0
Rfx7	13	31	0	14	0	0	0	0	0	0	0	16	0	7	0	0	11	0	0	0	0	0	44	35	7	2	0	0	0	0	0	0	0	0	0	0	0	0	0	7	0	0	13	0	0	0	0	0	10	0	0	0	0	7	0	0	0	0	0	0	2	62	0	0	0	0	32	23	0	83	0	0	0	0	0	0	0	0	0	0	0	20	0	0	0	0	0	0	0	0	0	0	0	0	0	0	0	0	0	0	0	0	0	0	0	0	6	8	0	0	0	0	0	202	0	0	0	0	0	0	0	0	0	0	0	0	0	0	0	0	0	0	0	0	0	0	0	0	0	0	0	0	0	0	0	0	0	0	0	0	0	0	0	0	0	0	0	0	0	0	0	0	0	0	0	0	0	0	0	0	0	0	0	0
Rreb1	0	0	257	0	28	66	30	127	199	41	378	0	513	0	48	42	0	51	27	14	31	319	0	0	0	0	509	200	662	376	62	210	105	283	188	380	45	281	16	0	55	90	0	52	59	56	45	239	0	36	134	113	37	0	15	83	515	351	434	270	0	0	91	161	158	183	0	0	312	0	366	13	45	53	172	617	71	179	332	160	86	0	97	369	29	10	184	44	207	8	34	19	55	337	96	72	95	258	141	35	324	97	61	77	278	31	0	0	37	630	99	117	87	0	1216	0	0	0	0	0	0	0	0	0	0	0	0	0	0	0	0	0	0	0	0	0	0	0	0	0	0	0	0	0	0	0	0	0	0	0	0	0	0	0	0	0	0	0	0	0	0	0	0	0	0	0	0	0	0	0	0	0	0	0
Runx2	0	0	173	0	27	33	11	77	136	28	237	0	314	0	48	28	0	30	10	6	13	128	0	0	0	0	223	87	377	231	23	113	78	170	129	215	24	116	12	0	35	58	0	39	40	27	34	160	0	20	78	54	24	0	5	43	334	236	280	189	0	0	37	79	72	72	0	0	126	0	136	11	41	33	106	239	27	146	234	120	33	0	63	208	20	10	117	29	108	5	22	10	31	200	65	41	65	105	41	27	180	54	42	48	184	21	0	0	28	333	60	78	49	0	282	683	0	0	0	0	0	0	0	0	0	0	0	0	0	0	0	0	0	0	0	0	0	0	0	0	0	0	0	0	0	0	0	0	0	0	0	0	0	0	0	0	0	0	0	0	0	0	0	0	0	0	0	0	0	0	0	0	0	0
Rxra	0	0	190	0	0	36	55	71	139	0	263	0	463	0	51	25	0	31	14	25	12	171	0	0	0	0	0	0	484	727	17	0	66	176	303	261	0	164	12	0	34	65	0	38	44	0	38	166	0	20	77	60	19	0	0	49	434	305	341	578	0	0	45	0	80	100	0	0	0	0	203	0	29	38	114	297	47	124	232	105	49	0	80	243	29	24	105	0	121	13	0	0	58	263	76	49	63	0	62	27	220	63	48	192	0	29	0	0	66	380	58	0	58	0	271	169	1019	0	0	0	0	0	0	0	0	0	0	0	0	0	0	0	0	0	0	0	0	0	0	0	0	0	0	0	0	0	0	0	0	0	0	0	0	0	0	0	0	0	0	0	0	0	0	0	0	0	0	0	0	0	0	0	0	0
Satb1	0	0	45	0	7	3	3	14	24	3	44	0	60	0	6	5	0	3	2	1	4	15	0	0	0	0	28	5	62	38	3	17	14	24	22	33	1	23	1	0	6	18	0	11	10	6	13	24	0	7	14	15	3	0	2	8	55	39	45	27	0	0	5	9	12	10	0	0	11	0	17	2	11	9	17	43	4	23	54	24	4	0	11	35	2	0	13	2	20	1	6	3	6	29	13	6	10	18	6	5	29	20	4	8	28	3	0	0	5	56	10	15	8	0	40	30	21	107	0	0	0	0	0	0	0	0	0	0	0	0	0	0	0	0	0	0	0	0	0	0	0	0	0	0	0	0	0	0	0	0	0	0	0	0	0	0	0	0	0	0	0	0	0	0	0	0	0	0	0	0	0	0	0	0
Scx_Tcf15	0	0	22	0	6	1	0	4	13	4	21	0	29	0	4	1	0	1	3	0	2	19	0	0	0	0	35	11	38	0	1	26	10	22	0	20	3	16	0	0	4	5	0	4	3	9	3	12	0	1	12	6	7	0	2	3	34	26	32	0	0	0	6	12	8	8	0	0	20	0	14	2	4	5	11	20	1	13	25	9	1	0	7	25	5	0	13	5	11	0	7	5	8	22	9	3	10	15	3	2	21	6	5	0	30	1	0	0	0	30	9	10	3	0	23	16	0	2	59	0	0	0	0	0	0	0	0	0	0	0	0	0	0	0	0	0	0	0	0	0	0	0	0	0	0	0	0	0	0	0	0	0	0	0	0	0	0	0	0	0	0	0	0	0	0	0	0	0	0	0	0	0	0	0
Setdb1	0	0	94	0	10	27	17	60	64	5	129	0	174	0	20	13	0	18	16	3	16	235	0	0	0	0	341	106	336	150	39	75	38	122	63	154	23	189	7	0	21	37	0	19	27	25	25	119	0	10	63	52	19	0	1	32	194	128	188	90	0	0	42	108	86	127	0	0	172	0	212	10	27	21	70	266	39	69	122	58	41	0	35	163	7	3	86	15	127	1	13	6	23	169	36	27	32	234	57	13	163	40	18	30	118	13	0	0	17	245	39	76	42	0	170	89	108	21	12	607	0	0	0	0	0	0	0	0	0	0	0	0	0	0	0	0	0	0	0	0	0	0	0	0	0	0	0	0	0	0	0	0	0	0	0	0	0	0	0	0	0	0	0	0	0	0	0	0	0	0	0	0	0	0
Smad1	0	0	211	0	21	26	14	75	130	31	222	0	331	0	38	23	0	21	12	10	19	152	0	0	0	0	215	80	361	242	19	115	55	168	156	219	14	129	8	0	29	57	0	33	42	33	32	159	0	16	85	64	23	0	9	52	377	230	276	201	0	0	25	73	83	82	0	0	129	0	153	10	31	40	102	268	22	133	217	110	36	0	66	209	26	7	108	27	112	4	21	11	38	197	61	41	70	100	63	23	164	56	45	50	171	15	0	0	29	334	56	86	64	0	272	152	162	27	23	92	660	0	0	0	0	0	0	0	0	0	0	0	0	0	0	0	0	0	0	0	0	0	0	0	0	0	0	0	0	0	0	0	0	0	0	0	0	0	0	0	0	0	0	0	0	0	0	0	0	0	0	0	0	0
Smarcc1	22	8	0	28	0	0	0	0	0	0	0	40	0	21	0	0	32	0	0	0	0	0	90	67	17	2	0	0	0	0	0	0	0	0	0	0	0	0	0	17	0	0	32	0	0	0	0	0	22	0	0	0	0	29	0	0	0	0	0	0	7	210	0	0	0	0	88	71	0	184	0	0	0	0	0	0	0	0	0	0	0	62	0	0	0	0	0	0	0	0	0	0	0	0	0	0	0	0	0	0	0	0	0	0	0	0	11	19	0	0	0	0	0	34	0	0	0	0	0	0	0	552	0	0	0	0	0	0	0	0	0	0	0	0	0	0	0	0	0	0	0	0	0	0	0	0	0	0	0	0	0	0	0	0	0	0	0	0	0	0	0	0	0	0	0	0	0	0	0	0	0	0	0	0
Smarcc2	0	0	61	0	5	14	8	38	37	4	74	0	107	0	11	7	0	8	7	2	7	94	0	0	0	0	163	31	181	88	27	35	21	75	35	70	6	81	7	0	7	21	0	8	17	10	7	67	0	3	33	38	13	0	1	30	108	80	116	65	0	0	13	41	50	57	0	0	65	0	89	6	14	14	40	108	19	38	71	32	23	0	26	99	6	3	52	9	69	0	12	5	9	73	13	10	14	79	13	9	70	21	5	17	54	9	0	0	17	118	20	47	21	0	84	43	62	8	4	235	59	0	303	0	0	0	0	0	0	0	0	0	0	0	0	0	0	0	0	0	0	0	0	0	0	0	0	0	0	0	0	0	0	0	0	0	0	0	0	0	0	0	0	0	0	0	0	0	0	0	0	0	0	0
Sox12	0	0	78	0	16	2	10	34	51	10	88	0	121	0	29	9	0	2	5	6	2	32	0	0	0	0	72	23	128	81	9	50	30	67	52	80	5	40	4	0	17	21	0	23	22	20	13	59	0	7	32	33	9	0	5	19	132	87	117	71	0	0	13	18	24	23	0	0	38	0	38	3	17	17	38	96	15	51	87	45	8	0	27	64	10	7	46	10	36	0	10	5	13	75	35	11	30	30	21	8	70	26	15	24	49	6	0	0	13	121	20	27	17	0	91	68	64	11	8	33	66	0	22	227	0	0	0	0	0	0	0	0	0	0	0	0	0	0	0	0	0	0	0	0	0	0	0	0	0	0	0	0	0	0	0	0	0	0	0	0	0	0	0	0	0	0	0	0	0	0	0	0	0	0
Sp1	0	0	388	0	45	138	65	211	299	71	584	0	831	0	82	66	0	108	61	25	68	850	0	0	0	0	1172	469	1376	686	109	395	140	536	261	701	93	727	33	0	89	138	0	77	92	75	73	437	0	57	240	173	67	0	23	181	848	592	805	419	0	0	178	396	378	535	0	0	729	0	1001	21	82	88	283	1269	186	281	524	244	173	0	149	647	46	20	317	69	572	14	53	32	95	616	151	105	172	683	307	46	798	119	96	122	483	66	0	0	66	1146	165	264	176	0	913	376	506	54	35	471	397	0	216	131	2717	0	0	0	0	0	0	0	0	0	0	0	0	0	0	0	0	0	0	0	0	0	0	0	0	0	0	0	0	0	0	0	0	0	0	0	0	0	0	0	0	0	0	0	0	0	0	0	0	0
Sp2	0	0	309	0	34	120	53	165	244	48	456	0	662	0	54	43	0	98	48	21	55	765	0	0	0	0	1009	417	1139	531	91	318	105	427	193	544	82	669	31	0	67	117	0	63	73	66	64	369	0	41	214	147	55	0	16	164	670	481	653	313	0	0	164	365	331	502	0	0	664	0	940	23	60	65	242	1050	172	211	405	201	146	0	115	533	35	16	256	60	480	13	39	21	65	519	126	97	142	635	269	33	673	102	78	91	398	51	0	0	56	914	136	217	144	0	733	274	402	37	26	410	320	0	183	94	2004	2182	0	0	0	0	0	0	0	0	0	0	0	0	0	0	0	0	0	0	0	0	0	0	0	0	0	0	0	0	0	0	0	0	0	0	0	0	0	0	0	0	0	0	0	0	0	0	0	0
Sp3	0	0	270	0	33	114	55	152	233	53	425	0	581	0	56	49	0	98	44	19	56	722	0	0	0	0	972	421	1070	512	95	286	106	386	184	540	77	640	28	0	64	97	0	54	61	60	53	322	0	51	197	134	56	0	15	146	600	428	601	300	0	0	153	374	332	525	0	0	652	0	925	16	55	56	212	1047	176	206	377	178	146	0	101	508	35	16	236	50	416	9	35	18	65	500	122	85	138	614	256	33	579	92	68	94	369	46	0	0	51	872	121	203	150	0	723	276	385	38	26	401	293	0	180	96	1985	1690	2016	0	0	0	0	0	0	0	0	0	0	0	0	0	0	0	0	0	0	0	0	0	0	0	0	0	0	0	0	0	0	0	0	0	0	0	0	0	0	0	0	0	0	0	0	0	0	0
Spi1	0	0	611	0	67	109	56	271	450	78	846	0	1524	0	124	93	0	88	52	31	48	552	0	0	0	0	923	329	1680	1089	102	411	195	607	444	904	72	472	34	0	107	175	0	116	142	100	101	532	0	61	289	256	95	0	29	152	1318	864	1036	848	0	0	127	255	294	298	0	0	493	0	554	39	114	114	388	989	123	449	798	358	156	0	216	752	68	31	357	82	413	18	78	41	121	668	193	117	227	430	207	77	677	181	128	163	664	63	0	0	79	1327	196	298	198	0	875	536	734	88	50	357	532	0	195	185	1615	1263	1171	3131	0	0	0	0	0	0	0	0	0	0	0	0	0	0	0	0	0	0	0	0	0	0	0	0	0	0	0	0	0	0	0	0	0	0	0	0	0	0	0	0	0	0	0	0	0	0
Srf	24	22	0	27	0	0	0	0	0	0	0	30	0	33	0	0	32	0	0	0	0	0	133	127	27	8	0	0	0	0	0	0	0	0	0	0	0	0	0	11	0	0	18	0	0	0	0	0	28	0	0	0	0	17	0	0	0	0	0	0	7	150	0	0	0	0	91	45	0	323	0	0	0	0	0	0	0	0	0	0	0	32	0	0	0	0	0	0	0	0	0	0	0	0	0	0	0	0	0	0	0	0	0	0	0	0	10	24	0	0	0	0	0	37	0	0	0	0	0	0	0	97	0	0	0	0	0	0	533	0	0	0	0	0	0	0	0	0	0	0	0	0	0	0	0	0	0	0	0	0	0	0	0	0	0	0	0	0	0	0	0	0	0	0	0	0	0	0	0	0	0	0	0	0
Stat1	36	32	0	53	0	0	0	0	0	0	0	51	0	39	0	0	64	0	0	0	0	0	205	155	37	11	0	0	0	0	0	0	0	0	0	0	0	0	0	37	0	0	43	0	0	0	0	0	53	0	0	0	0	52	0	0	0	0	0	0	36	734	0	0	0	0	170	112	0	381	0	0	0	0	0	0	0	0	0	0	0	108	0	0	0	0	0	0	0	0	0	0	0	0	0	0	0	0	0	0	0	0	0	0	0	0	26	25	0	0	0	0	0	71	0	0	0	0	0	0	0	230	0	0	0	0	0	0	161	1236	0	0	0	0	0	0	0	0	0	0	0	0	0	0	0	0	0	0	0	0	0	0	0	0	0	0	0	0	0	0	0	0	0	0	0	0	0	0	0	0	0	0	0	0
Stat2	0	0	292	0	41	35	27	135	200	44	372	0	661	0	66	58	0	32	25	10	15	198	0	0	0	0	369	114	582	392	27	178	84	262	189	341	32	167	13	0	47	95	0	63	65	48	49	249	0	28	123	132	42	0	14	64	888	687	713	377	0	0	50	93	97	109	0	0	179	0	190	14	62	66	173	392	41	214	361	165	56	0	107	306	28	9	168	37	153	5	37	19	49	292	91	46	108	152	78	34	263	89	66	65	343	32	0	0	44	546	89	140	81	0	355	246	297	43	26	139	256	0	82	104	605	479	427	918	0	0	1103	0	0	0	0	0	0	0	0	0	0	0	0	0	0	0	0	0	0	0	0	0	0	0	0	0	0	0	0	0	0	0	0	0	0	0	0	0	0	0	0	0	0	0
Stat5a	0	0	40	0	11	10	0	28	48	17	70	0	91	0	8	5	0	8	3	0	4	51	0	0	0	0	132	48	128	0	20	71	19	55	0	58	18	42	4	0	6	12	0	9	12	20	5	43	0	5	29	26	14	0	4	20	98	72	84	0	0	0	14	48	36	33	0	0	77	0	63	3	14	13	37	80	9	42	81	37	10	0	18	77	3	0	31	18	40	0	10	5	7	65	18	13	20	66	21	7	53	16	5	0	102	1	0	0	0	106	12	46	22	0	89	61	0	9	9	55	45	0	39	16	135	107	109	158	0	0	71	192	0	0	0	0	0	0	0	0	0	0	0	0	0	0	0	0	0	0	0	0	0	0	0	0	0	0	0	0	0	0	0	0	0	0	0	0	0	0	0	0	0	0
Stat5b	0	0	12	0	5	4	0	3	16	1	18	0	32	0	1	2	0	2	0	0	0	11	0	0	0	0	35	11	31	0	6	23	4	19	0	17	3	12	0	0	3	5	0	1	7	5	2	17	0	1	10	7	2	0	1	6	30	21	27	0	0	0	2	14	17	15	0	0	17	0	16	2	4	3	9	18	1	14	23	9	3	0	2	17	0	0	10	3	9	0	3	2	3	16	3	5	7	19	4	5	15	7	2	0	26	1	0	0	0	28	5	17	4	0	27	17	0	2	0	18	16	0	11	4	33	27	27	45	0	0	19	49	60	0	0	0	0	0	0	0	0	0	0	0	0	0	0	0	0	0	0	0	0	0	0	0	0	0	0	0	0	0	0	0	0	0	0	0	0	0	0	0	0	0
Tcf21	0	0	10	0	0	0	1	0	4	0	12	0	15	0	3	2	0	0	1	0	1	3	0	0	0	0	0	0	14	23	1	0	2	6	13	9	0	3	0	0	2	1	0	1	2	0	2	4	0	2	2	2	1	0	0	4	10	10	15	14	0	0	2	0	3	4	0	0	0	0	7	0	1	1	3	13	0	4	8	3	3	0	3	6	0	2	4	0	4	0	0	0	0	7	0	0	2	0	3	0	5	4	0	2	0	1	0	0	2	8	1	0	2	0	10	10	13	1	0	5	9	0	3	4	15	13	12	22	0	0	7	0	0	30	0	0	0	0	0	0	0	0	0	0	0	0	0	0	0	0	0	0	0	0	0	0	0	0	0	0	0	0	0	0	0	0	0	0	0	0	0	0	0	0
Tcf3	11	0	0	11	0	0	0	0	0	0	0	23	0	0	0	0	21	0	0	0	0	0	61	58	14	0	0	0	0	0	0	0	0	0	0	0	0	0	0	9	0	0	22	0	0	0	0	0	0	0	0	0	0	12	0	0	0	0	0	0	0	130	0	0	0	0	61	40	0	150	0	0	0	0	0	0	0	0	0	0	0	33	0	0	0	0	0	0	0	0	0	0	0	0	0	0	0	0	0	0	0	0	0	0	0	0	7	0	0	0	0	0	0	20	0	0	0	0	0	0	0	78	0	0	0	0	0	0	0	135	0	0	0	0	414	0	0	0	0	0	0	0	0	0	0	0	0	0	0	0	0	0	0	0	0	0	0	0	0	0	0	0	0	0	0	0	0	0	0	0	0	0	0	0
Tcf4	0	0	49	0	13	11	0	28	45	13	71	0	98	0	10	7	0	6	5	0	8	67	0	0	0	0	137	57	119	0	13	76	21	55	0	69	25	62	4	0	13	15	0	8	19	25	11	44	0	15	30	21	11	0	3	20	94	56	70	0	0	0	19	49	37	37	0	0	86	0	62	2	14	11	26	83	9	36	62	30	19	0	19	73	8	0	47	21	43	0	11	8	9	65	20	10	24	77	19	5	65	16	10	0	85	5	0	0	0	111	15	54	14	0	81	44	0	5	10	41	50	0	21	23	146	125	112	147	0	0	65	33	10	0	0	196	0	0	0	0	0	0	0	0	0	0	0	0	0	0	0	0	0	0	0	0	0	0	0	0	0	0	0	0	0	0	0	0	0	0	0	0	0	0
Tead3	0	0	114	0	23	7	5	44	69	20	118	0	158	0	24	13	0	16	6	5	7	71	0	0	0	0	115	52	189	100	11	91	41	109	60	127	17	58	10	0	19	21	0	30	31	16	17	78	0	8	42	50	17	0	7	27	182	120	151	83	0	0	18	34	39	32	0	0	57	0	62	8	16	23	56	118	13	70	154	74	19	0	35	105	8	2	63	26	64	2	22	9	18	96	34	24	34	56	25	10	95	37	20	15	93	14	0	0	15	180	35	42	25	0	111	71	69	24	9	42	68	0	24	39	178	149	127	265	0	0	137	30	9	2	0	33	319	0	0	0	0	0	0	0	0	0	0	0	0	0	0	0	0	0	0	0	0	0	0	0	0	0	0	0	0	0	0	0	0	0	0	0	0	0
Tead4	0	0	105	0	17	13	9	37	72	14	114	0	173	0	18	13	0	12	11	5	9	64	0	0	0	0	106	37	187	102	4	67	33	81	59	104	9	65	6	0	13	31	0	20	31	16	13	83	0	7	39	41	9	0	6	23	176	115	135	89	0	0	20	28	33	25	0	0	54	0	45	5	21	17	66	106	12	70	144	89	17	0	38	112	9	2	45	11	49	2	16	10	20	96	33	18	39	47	22	11	97	32	21	28	90	17	0	0	14	169	31	51	32	0	111	75	76	15	15	44	78	0	19	29	177	140	124	246	0	0	132	24	6	4	0	25	78	291	0	0	0	0	0	0	0	0	0	0	0	0	0	0	0	0	0	0	0	0	0	0	0	0	0	0	0	0	0	0	0	0	0	0	0	0
Tfdp1	1	0	0	0	0	0	0	0	0	0	0	1	0	5	0	0	2	0	0	0	0	0	30	30	19	9	0	0	0	0	0	0	0	0	0	0	0	0	0	1	0	0	0	0	0	0	0	0	0	0	0	0	0	2	0	0	0	0	0	0	2	7	0	0	0	0	6	4	0	22	0	0	0	0	0	0	0	0	0	0	0	5	0	0	0	0	0	0	0	0	0	0	0	0	0	0	0	0	0	0	0	0	0	0	0	0	0	2	0	0	0	0	0	1	0	0	0	0	0	0	0	2	0	0	0	0	0	0	19	5	0	0	0	0	0	0	0	0	48	0	0	0	0	0	0	0	0	0	0	0	0	0	0	0	0	0	0	0	0	0	0	0	0	0	0	0	0	0	0	0	0	0	0	0
Tfdp2	0	0	8	0	1	6	0	5	5	2	10	0	6	0	0	2	0	0	0	0	1	36	0	0	0	0	39	16	20	0	1	14	5	19	0	12	1	13	0	0	0	2	0	4	1	1	1	7	0	0	2	5	0	0	0	4	17	16	22	0	0	0	3	14	5	11	0	0	18	0	26	1	0	4	3	17	2	4	6	3	2	0	8	12	0	0	3	0	22	0	0	0	1	15	2	1	4	26	0	0	17	3	3	0	8	5	0	0	0	18	3	7	5	0	14	5	0	0	3	14	6	0	9	1	41	39	34	31	0	0	13	2	0	0	0	3	10	2	0	48	0	0	0	0	0	0	0	0	0	0	0	0	0	0	0	0	0	0	0	0	0	0	0	0	0	0	0	0	0	0	0	0	0	0
Tgif1	0	0	104	0	13	29	9	40	97	19	184	0	233	0	29	21	0	22	15	7	6	103	0	0	0	0	160	61	244	146	17	95	48	98	63	169	20	101	8	0	24	39	0	24	20	25	23	97	0	17	65	45	25	0	13	37	206	167	169	122	0	0	23	49	74	58	0	0	91	0	105	4	25	24	67	198	27	100	147	66	32	0	47	151	15	5	69	20	81	4	13	5	27	128	50	30	43	76	41	16	145	43	23	34	122	10	0	0	11	218	41	61	51	0	153	102	112	13	13	62	104	0	35	38	288	226	212	366	0	0	145	42	11	5	0	33	59	52	0	5	458	0	0	0	0	0	0	0	0	0	0	0	0	0	0	0	0	0	0	0	0	0	0	0	0	0	0	0	0	0	0	0	0	0
Trerf1	4	1	0	2	0	0	0	0	0	0	0	1	0	7	0	0	4	0	0	0	0	0	17	8	1	0	0	0	0	0	0	0	0	0	0	0	0	0	0	3	0	0	3	0	0	0	0	0	2	0	0	0	0	1	0	0	0	0	0	0	1	22	0	0	0	0	5	14	0	31	0	0	0	0	0	0	0	0	0	0	0	6	0	0	0	0	0	0	0	0	0	0	0	0	0	0	0	0	0	0	0	0	0	0	0	0	1	2	0	0	0	0	0	6	0	0	0	0	0	0	0	11	0	0	0	0	0	0	8	21	0	0	0	0	5	0	0	0	1	0	0	59	0	0	0	0	0	0	0	0	0	0	0	0	0	0	0	0	0	0	0	0	0	0	0	0	0	0	0	0	0	0	0	0
Usf1	0	0	30	0	0	57	3	13	24	0	34	0	48	0	9	4	0	28	3	7	3	44	0	0	0	0	0	0	83	100	5	0	13	27	45	48	0	42	8	0	6	11	0	6	7	0	10	27	0	7	15	12	5	0	0	11	49	37	51	72	0	0	12	0	28	37	0	0	0	0	63	0	4	9	17	77	10	19	40	25	65	0	16	106	5	5	23	0	29	6	0	0	4	31	5	10	7	0	18	1	47	8	6	20	0	6	0	0	12	66	9	0	13	0	57	31	85	5	0	20	30	0	17	7	122	108	105	94	0	0	36	0	0	0	0	0	24	12	0	0	23	0	163	0	0	0	0	0	0	0	0	0	0	0	0	0	0	0	0	0	0	0	0	0	0	0	0	0	0	0	0	0	0	0
Ybx1	0	0	79	0	8	22	18	51	69	12	132	0	175	0	14	15	0	29	21	14	14	168	0	0	0	0	214	92	271	122	35	173	32	275	48	137	22	131	9	0	18	40	0	14	13	21	18	88	0	15	53	44	19	0	8	41	172	126	272	79	0	0	29	80	72	96	0	0	123	0	177	5	10	23	71	199	37	55	105	46	33	0	36	125	11	8	63	15	347	1	9	4	16	138	37	29	43	124	33	15	348	34	26	26	105	19	0	0	15	223	48	73	32	0	152	79	98	13	11	95	76	0	54	32	430	351	314	332	0	0	128	32	7	3	0	34	47	36	0	17	56	0	21	506	0	0	0	0	0	0	0	0	0	0	0	0	0	0	0	0	0	0	0	0	0	0	0	0	0	0	0	0	0	0
Yy1	0	0	229	0	25	100	43	120	182	35	329	0	489	0	51	35	0	68	30	20	48	574	0	0	0	0	712	319	865	440	66	226	85	307	155	395	62	572	24	0	49	92	0	47	46	51	48	277	0	33	143	104	40	0	10	120	487	343	471	260	0	0	120	244	204	319	0	0	453	0	604	15	40	47	183	709	159	158	296	142	114	0	92	416	29	9	184	42	334	10	27	12	62	405	93	75	104	494	154	38	459	75	56	79	276	38	0	0	45	658	103	149	99	0	500	213	304	39	20	327	235	0	154	72	1282	1153	1089	916	0	0	332	83	18	9	0	80	114	106	0	18	173	0	85	247	1595	0	0	0	0	0	0	0	0	0	0	0	0	0	0	0	0	0	0	0	0	0	0	0	0	0	0	0	0	0
Zbtb1	0	0	3	0	1	0	0	5	2	0	2	0	8	0	2	3	0	0	0	0	0	5	0	0	0	0	16	10	10	0	1	1	0	2	0	3	3	10	0	0	0	2	0	0	0	0	0	8	0	3	2	0	0	0	0	3	8	7	6	0	0	0	2	6	7	6	0	0	12	0	8	0	0	1	0	6	0	2	8	2	0	0	1	7	0	0	6	0	3	0	0	0	1	3	1	1	1	11	6	0	5	0	0	0	9	1	0	0	0	11	0	0	3	0	5	5	0	0	0	7	4	0	4	0	16	16	16	16	0	0	5	5	1	0	0	1	2	0	0	0	5	0	0	3	11	18	0	0	0	0	0	0	0	0	0	0	0	0	0	0	0	0	0	0	0	0	0	0	0	0	0	0	0	0
Zbtb12	0	0	22	0	1	7	7	16	20	6	32	0	52	0	3	5	0	7	6	2	3	34	0	0	0	0	46	20	71	40	4	15	8	25	13	44	4	29	4	0	3	9	0	4	9	5	4	38	0	2	20	15	6	0	1	8	49	38	38	30	0	0	6	11	10	20	0	0	22	0	36	2	4	5	22	55	1	20	34	20	9	0	15	39	2	2	20	2	21	3	2	0	8	28	10	7	16	25	8	3	28	15	10	7	28	1	0	0	6	56	10	12	8	0	42	21	32	4	2	15	26	0	7	8	77	68	65	92	0	0	41	7	2	1	0	9	9	10	0	1	11	0	4	13	40	1	113	0	0	0	0	0	0	0	0	0	0	0	0	0	0	0	0	0	0	0	0	0	0	0	0	0	0	0
Zbtb14	0	0	23	0	4	5	0	16	12	5	37	0	42	0	4	5	0	5	3	0	2	80	0	0	0	0	110	57	72	0	5	31	5	19	0	32	14	61	2	0	6	2	0	8	2	8	6	25	0	6	12	10	3	0	2	6	35	25	51	0	0	0	19	31	23	31	0	0	65	0	48	3	3	3	15	78	14	15	20	7	7	0	6	43	3	0	14	6	29	0	2	1	3	30	5	4	5	90	21	2	40	12	6	0	44	0	0	0	0	66	11	21	7	0	46	15	0	0	3	59	19	0	11	4	112	101	92	69	0	0	27	11	3	0	0	7	7	12	0	1	16	0	0	18	76	5	1	125	0	0	0	0	0	0	0	0	0	0	0	0	0	0	0	0	0	0	0	0	0	0	0	0	0	0
Zbtb3	0	0	50	0	6	4	3	22	25	7	50	0	76	0	7	5	0	4	0	1	1	32	0	0	0	0	48	20	77	50	4	23	12	42	26	45	7	26	4	0	8	10	0	3	11	8	8	36	0	2	23	13	8	0	2	9	81	56	63	42	0	0	15	11	18	17	0	0	21	0	32	3	15	13	27	52	4	29	56	31	9	0	18	46	5	1	24	7	19	1	4	2	5	49	16	10	14	28	9	2	41	17	8	20	35	5	0	0	6	74	12	18	9	0	48	40	40	7	5	21	29	0	15	13	93	74	71	119	0	0	68	12	5	1	0	10	18	22	0	0	23	0	7	21	54	3	7	6	161	0	0	0	0	0	0	0	0	0	0	0	0	0	0	0	0	0	0	0	0	0	0	0	0	0
Zbtb33	0	0	64	0	17	20	0	42	48	11	116	0	146	0	9	19	0	18	5	0	12	183	0	0	0	0	336	151	263	0	24	93	22	84	0	102	29	159	8	0	15	28	0	12	11	16	11	95	0	13	37	34	10	0	6	37	153	96	137	0	0	0	35	109	67	96	0	0	205	0	160	9	15	15	50	201	38	46	93	42	29	0	24	105	8	0	55	17	106	0	13	7	18	114	33	22	48	227	37	9	128	16	20	0	135	13	0	0	0	184	24	69	32	0	150	67	0	12	5	90	62	0	41	20	343	320	302	265	0	0	106	46	15	0	0	43	38	34	0	18	55	0	0	72	254	9	16	46	12	412	0	0	0	0	0	0	0	0	0	0	0	0	0	0	0	0	0	0	0	0	0	0	0	0
Zbtb4	0	0	41	0	7	20	9	24	29	3	54	0	62	0	3	6	0	8	6	4	3	56	0	0	0	0	85	33	92	47	10	36	15	42	31	57	7	46	8	0	10	13	0	4	6	3	4	38	0	8	28	16	9	0	1	16	56	52	72	26	0	0	11	30	36	32	0	0	46	0	62	2	5	4	23	85	23	27	48	38	21	0	11	51	6	2	26	11	45	3	4	2	6	52	15	8	15	46	16	3	66	11	8	7	34	4	0	0	2	74	18	32	16	0	73	38	39	3	3	30	24	0	17	12	141	125	119	114	0	0	53	15	4	0	0	17	15	15	0	0	20	0	11	41	98	3	6	9	11	25	178	0	0	0	0	0	0	0	0	0	0	0	0	0	0	0	0	0	0	0	0	0	0	0
Zbtb42	2	3	0	10	0	0	0	0	0	0	0	9	0	5	0	0	3	0	0	0	0	0	19	12	8	0	0	0	0	0	0	0	0	0	0	0	0	0	0	6	0	0	5	0	0	0	0	0	8	0	0	0	0	4	0	0	0	0	0	0	6	58	0	0	0	0	24	10	0	36	0	0	0	0	0	0	0	0	0	0	0	18	0	0	0	0	0	0	0	0	0	0	0	0	0	0	0	0	0	0	0	0	0	0	0	0	3	6	0	0	0	0	0	6	0	0	0	0	0	0	0	36	0	0	0	0	0	0	28	61	0	0	0	0	22	0	0	0	2	0	0	1	0	0	0	0	0	0	0	0	0	129	0	0	0	0	0	0	0	0	0	0	0	0	0	0	0	0	0	0	0	0	0	0
Zbtb6	2	3	0	4	0	0	0	0	0	0	0	7	0	1	0	0	6	0	0	0	0	0	40	19	5	0	0	0	0	0	0	0	0	0	0	0	0	0	0	2	0	0	3	0	0	0	0	0	5	0	0	0	0	5	0	0	0	0	0	0	1	38	0	0	0	0	25	13	0	49	0	0	0	0	0	0	0	0	0	0	0	14	0	0	0	0	0	0	0	0	0	0	0	0	0	0	0	0	0	0	0	0	0	0	0	0	3	5	0	0	0	0	0	9	0	0	0	0	0	0	0	18	0	0	0	0	0	0	16	39	0	0	0	0	7	0	0	0	1	0	0	1	0	0	0	0	0	0	0	0	0	11	125	0	0	0	0	0	0	0	0	0	0	0	0	0	0	0	0	0	0	0	0	0
Zbtb7a	0	0	85	0	20	27	0	51	77	27	156	0	197	0	20	22	0	23	12	0	13	225	0	0	0	0	430	213	321	0	39	141	40	124	0	172	39	189	9	0	23	30	0	22	18	27	15	102	0	14	62	41	18	0	6	55	205	131	179	0	0	0	47	134	109	116	0	0	276	0	211	5	17	28	73	309	57	81	110	58	35	0	31	160	7	0	77	26	137	0	21	12	18	145	35	28	46	280	69	10	176	24	14	0	191	8	0	0	0	273	44	93	47	0	225	97	0	9	14	116	91	0	50	36	470	434	411	381	0	0	147	51	14	0	0	50	51	46	0	13	90	0	0	106	313	7	12	54	21	167	30	0	0	573	0	0	0	0	0	0	0	0	0	0	0	0	0	0	0	0	0	0	0	0
Zbtb7c	0	0	52	0	7	16	11	23	31	7	72	0	81	0	6	9	0	16	5	3	5	134	0	0	0	0	156	81	159	75	11	39	20	53	22	75	10	141	6	0	10	15	0	11	12	9	8	54	0	6	32	26	4	0	0	25	90	57	93	41	0	0	19	49	37	76	0	0	100	0	119	3	8	5	33	134	45	21	52	19	17	0	14	77	4	1	31	8	55	2	9	3	9	69	17	15	23	112	34	4	91	8	11	12	55	12	0	0	2	128	20	25	19	0	97	46	50	6	5	70	36	0	40	16	259	232	239	154	0	0	60	11	4	1	0	13	24	22	0	6	27	0	10	41	209	3	9	25	10	69	13	0	0	85	290	0	0	0	0	0	0	0	0	0	0	0	0	0	0	0	0	0	0	0
Zeb1	41	20	0	41	0	0	0	0	0	0	0	48	0	43	0	0	58	0	0	0	0	0	143	133	30	8	0	0	0	0	0	0	0	0	0	0	0	0	0	22	0	0	37	0	0	0	0	0	33	0	0	0	0	35	0	0	0	0	0	0	11	296	0	0	0	0	133	84	0	321	0	0	0	0	0	0	0	0	0	0	0	70	0	0	0	0	0	0	0	0	0	0	0	0	0	0	0	0	0	0	0	0	0	0	0	0	21	21	0	0	0	0	0	47	0	0	0	0	0	0	0	164	0	0	0	0	0	0	134	292	0	0	0	0	105	0	0	0	5	0	0	12	0	0	0	0	0	0	0	0	0	33	34	0	0	814	0	0	0	0	0	0	0	0	0	0	0	0	0	0	0	0	0	0
Zfp1	0	0	129	0	16	22	10	65	96	14	185	0	237	0	29	17	0	17	11	2	16	110	0	0	0	0	167	66	286	167	15	82	45	129	79	168	10	101	11	0	21	37	0	25	20	19	22	110	0	12	62	56	16	0	7	40	216	148	173	137	0	0	36	46	51	57	0	0	106	0	104	11	25	30	94	217	29	103	165	84	21	0	46	151	10	6	83	14	81	5	16	8	18	155	50	26	44	88	33	18	149	48	26	42	102	15	0	0	29	271	44	57	28	0	187	121	124	18	13	71	111	0	44	49	302	242	222	382	0	0	164	35	14	5	0	29	63	63	0	5	71	0	16	59	191	0	20	15	30	41	17	0	0	84	43	0	455	0	0	0	0	0	0	0	0	0	0	0	0	0	0	0	0	0
Zfp110_Zfp369	0	0	123	0	20	20	11	58	98	19	163	0	211	0	29	20	0	16	9	5	11	82	0	0	0	0	151	52	245	132	13	85	46	125	71	137	16	87	9	0	35	32	0	36	27	21	32	96	0	10	52	41	17	0	9	27	230	166	182	106	0	0	17	41	49	41	0	0	75	0	81	6	25	32	72	172	11	89	160	80	22	0	46	139	16	4	80	24	83	2	18	12	21	126	34	25	46	69	33	16	117	48	30	25	129	11	0	0	16	211	42	59	30	0	149	108	99	13	12	60	98	0	36	42	255	203	182	349	0	0	175	32	8	4	0	26	62	53	0	4	59	0	15	58	152	3	12	16	19	42	24	0	0	65	23	0	75	422	0	0	0	0	0	0	0	0	0	0	0	0	0	0	0	0
Zfp143	0	0	228	0	31	67	32	118	182	33	327	0	483	0	47	44	0	51	27	16	31	384	0	0	0	0	557	209	705	376	69	191	89	283	167	352	60	328	22	0	54	75	0	49	59	45	50	273	0	27	138	102	42	0	13	92	473	308	412	261	0	0	76	193	177	223	0	0	322	0	387	17	38	52	143	515	90	182	312	155	95	0	94	386	34	9	186	49	239	8	37	22	55	359	79	57	105	322	116	28	353	76	57	75	253	28	0	0	42	539	87	147	91	0	398	228	278	34	22	376	235	0	265	67	912	773	729	850	0	0	327	86	28	10	0	85	126	113	0	15	152	0	52	191	609	13	37	47	49	173	74	0	0	212	131	0	153	147	1292	0	0	0	0	0	0	0	0	0	0	0	0	0	0	0
Zfp148	0	0	250	0	35	83	40	132	212	41	400	0	555	0	59	41	0	65	26	19	42	516	0	0	0	0	710	350	830	429	66	231	94	303	171	461	60	452	24	0	65	96	0	52	67	45	44	303	0	32	179	113	53	0	16	119	553	378	499	271	0	0	129	226	243	353	0	0	467	0	586	11	49	50	192	938	126	185	345	173	111	0	105	427	25	14	225	58	304	11	40	23	59	402	110	81	124	445	256	30	456	95	63	82	313	34	0	0	49	769	111	167	116	0	672	243	310	38	19	286	269	0	131	93	1433	1191	1198	1013	0	0	404	97	27	12	0	95	118	123	0	22	194	0	81	227	784	11	56	73	64	233	93	0	0	331	162	0	217	180	563	1531	0	0	0	0	0	0	0	0	0	0	0	0	0	0
Zfp182	0	0	110	0	18	16	5	37	83	16	144	0	187	0	25	16	0	14	8	7	11	65	0	0	0	0	130	48	204	126	18	78	39	102	65	121	9	68	4	0	18	25	0	26	25	20	15	108	0	4	44	50	19	0	10	28	180	128	143	105	0	0	20	49	44	55	0	0	77	0	90	9	25	29	51	133	22	86	139	71	30	0	46	131	15	3	68	16	73	1	20	11	28	101	40	27	53	69	23	16	107	36	22	20	117	6	0	0	13	183	38	47	31	0	129	79	89	16	11	44	112	0	29	37	212	164	156	310	0	0	133	26	10	1	0	24	57	51	0	0	75	0	21	47	151	1	16	10	19	50	15	0	0	47	25	0	63	66	123	134	381	0	0	0	0	0	0	0	0	0	0	0	0	0
Zfp281	0	0	257	0	31	86	34	137	221	48	412	0	594	0	59	45	0	66	32	22	41	484	0	0	0	0	695	340	843	442	72	244	110	294	174	481	54	402	20	0	64	100	0	54	65	51	51	297	0	41	166	117	50	0	12	122	564	395	504	298	0	0	129	202	235	324	0	0	434	0	554	10	52	57	199	975	99	194	358	185	112	0	103	431	32	13	222	61	292	6	41	22	65	399	116	79	136	432	278	27	444	95	69	81	330	45	0	0	47	830	114	162	109	0	708	262	322	38	19	269	274	0	122	90	1445	1132	1151	1071	0	0	403	90	22	13	0	94	125	116	0	18	213	0	75	224	733	10	60	76	51	221	86	0	0	323	147	0	219	182	545	1216	143	1580	0	0	0	0	0	0	0	0	0	0	0	0
Zfp282	1	3	0	2	0	0	0	0	0	0	0	8	0	5	0	0	9	0	0	0	0	0	22	17	1	0	0	0	0	0	0	0	0	0	0	0	0	0	0	1	0	0	4	0	0	0	0	0	4	0	0	0	0	2	0	0	0	0	0	0	0	35	0	0	0	0	18	10	0	31	0	0	0	0	0	0	0	0	0	0	0	16	0	0	0	0	0	0	0	0	0	0	0	0	0	0	0	0	0	0	0	0	0	0	0	0	0	4	0	0	0	0	0	6	0	0	0	0	0	0	0	16	0	0	0	0	0	0	13	30	0	0	0	0	9	0	0	0	3	0	0	2	0	0	0	0	0	0	0	0	0	4	4	0	0	25	0	0	0	0	0	0	85	0	0	0	0	0	0	0	0	0	0	0
Zfp316	0	0	49	0	3	13	2	10	27	9	51	0	76	0	7	4	0	7	2	1	4	54	0	0	0	0	69	29	103	63	4	35	12	45	37	49	7	40	3	0	9	10	0	10	10	6	8	31	0	9	10	18	6	0	3	14	80	61	67	47	0	0	12	18	25	25	0	0	33	0	52	4	10	14	23	72	22	29	63	30	11	0	20	60	3	3	32	8	37	3	5	4	11	69	14	6	10	35	15	3	51	12	4	11	40	14	0	0	10	80	16	17	12	0	74	35	48	7	1	30	29	0	14	12	115	94	91	138	0	0	64	10	2	5	0	10	24	29	0	6	25	0	11	25	81	0	3	3	4	21	9	0	0	21	16	0	15	27	59	65	22	65	0	191	0	0	0	0	0	0	0	0	0	0
Zfp384	0	0	30	0	4	7	3	15	23	6	41	0	53	0	11	1	0	7	6	1	1	29	0	0	0	0	39	15	69	34	2	20	14	33	25	35	5	24	0	0	4	15	0	8	11	3	6	24	0	3	24	24	5	0	1	4	48	31	39	31	0	0	8	16	16	19	0	0	24	0	25	2	9	10	19	45	7	17	41	16	11	0	12	37	5	0	20	10	19	0	7	5	4	27	12	8	12	18	19	11	30	10	8	8	28	0	0	0	4	60	8	20	7	0	42	26	29	4	2	22	32	0	18	10	73	59	54	83	0	0	37	11	6	0	0	14	23	20	0	1	25	0	8	15	47	3	5	3	7	12	8	0	0	11	10	0	19	17	38	53	21	42	0	7	111	0	0	0	0	0	0	0	0	0
Zfp524	0	0	14	0	7	5	4	14	9	2	24	0	29	0	3	4	0	6	4	3	3	38	0	0	0	0	41	13	58	24	7	15	7	16	13	37	7	30	3	0	7	5	0	4	6	3	3	27	0	6	14	10	4	0	2	8	31	23	30	15	0	0	16	16	14	16	0	0	27	0	34	1	1	4	14	52	2	18	26	13	14	0	12	25	6	1	18	4	20	0	3	2	9	24	8	7	9	25	15	1	31	5	6	8	19	4	0	0	4	45	7	13	6	0	36	13	20	2	1	15	21	0	6	8	86	69	72	59	0	0	29	5	0	0	0	6	10	9	0	0	12	0	5	20	47	1	5	5	4	14	11	0	0	19	9	0	9	12	32	51	11	49	0	3	2	96	0	0	0	0	0	0	0	0
Zfp628	0	0	18	0	0	3	2	9	11	3	24	0	31	0	4	1	0	4	0	0	1	14	0	0	0	0	20	5	23	23	0	12	12	16	16	18	1	11	0	0	2	4	0	3	5	6	5	14	0	2	7	7	4	0	2	4	22	10	17	21	0	0	4	6	1	7	0	0	9	0	11	2	6	2	7	23	1	5	23	18	4	0	3	11	1	1	8	4	10	0	1	1	5	8	6	4	5	10	7	4	19	4	6	1	13	0	0	0	2	31	7	6	4	0	24	21	17	4	0	8	8	0	4	9	36	22	18	44	0	0	19	2	0	0	0	1	8	5	0	0	6	0	2	7	20	0	2	0	4	6	2	0	0	7	3	0	4	10	15	20	11	21	0	3	5	1	61	0	0	0	0	0	0	0
Zfp637	1	0	0	8	0	0	0	0	0	0	0	5	0	2	0	0	5	0	0	0	0	0	19	13	8	5	0	0	0	0	0	0	0	0	0	0	0	0	0	5	0	0	5	0	0	0	0	0	2	0	0	0	0	3	0	0	0	0	0	0	2	43	0	0	0	0	10	9	0	15	0	0	0	0	0	0	0	0	0	0	0	16	0	0	0	0	0	0	0	0	0	0	0	0	0	0	0	0	0	0	0	0	0	0	0	0	3	3	0	0	0	0	0	5	0	0	0	0	0	0	0	21	0	0	0	0	0	0	11	36	0	0	0	0	10	0	0	0	5	0	0	1	0	0	0	0	0	0	0	0	0	6	4	0	0	16	0	0	0	0	0	0	1	0	0	0	0	82	0	0	0	0	0	0
Zfp652	8	2	0	3	0	0	0	0	0	0	0	7	0	3	0	0	9	0	0	0	0	0	29	17	1	2	0	0	0	0	0	0	0	0	0	0	0	0	0	6	0	0	5	0	0	0	0	0	3	0	0	0	0	5	0	0	0	0	0	0	0	32	0	0	0	0	18	8	0	33	0	0	0	0	0	0	0	0	0	0	0	12	0	0	0	0	0	0	0	0	0	0	0	0	0	0	0	0	0	0	0	0	0	0	0	0	4	7	0	0	0	0	0	11	0	0	0	0	0	0	0	20	0	0	0	0	0	0	18	40	0	0	0	0	12	0	0	0	2	0	0	4	0	0	0	0	0	0	0	0	0	5	4	0	0	28	0	0	0	0	0	0	4	0	0	0	0	1	84	0	0	0	0	0
Zfp664	1	1	0	0	0	0	0	0	0	0	0	0	0	2	0	0	1	0	0	0	0	0	3	3	0	0	0	0	0	0	0	0	0	0	0	0	0	0	0	1	0	0	1	0	0	0	0	0	1	0	0	0	0	1	0	0	0	0	0	0	1	7	0	0	0	0	5	1	0	7	0	0	0	0	0	0	0	0	0	0	0	0	0	0	0	0	0	0	0	0	0	0	0	0	0	0	0	0	0	0	0	0	0	0	0	0	0	1	0	0	0	0	0	2	0	0	0	0	0	0	0	3	0	0	0	0	0	0	3	9	0	0	0	0	0	0	0	0	0	0	0	0	0	0	0	0	0	0	0	0	0	0	0	0	0	2	0	0	0	0	0	0	1	0	0	0	0	0	1	13	0	0	0	0
Zfp784	0	0	15	0	0	6	0	6	11	4	28	0	35	0	4	4	0	5	1	0	0	14	0	0	0	0	31	17	39	15	3	15	6	13	7	24	0	13	0	0	2	2	0	6	3	3	0	12	0	1	9	12	3	0	1	4	27	13	25	13	0	0	2	10	15	19	0	0	15	0	18	0	2	0	7	33	4	8	26	14	2	0	2	22	1	0	8	2	7	0	3	1	1	21	5	6	10	18	6	1	16	6	2	3	21	1	0	0	2	34	3	11	9	0	29	11	14	3	1	11	10	0	6	8	41	33	36	48	0	0	17	11	5	0	0	8	5	5	0	0	8	0	1	6	20	0	4	2	4	9	6	0	0	21	9	0	10	15	20	33	9	34	0	4	3	2	0	0	0	0	59	0	0	0
Zfx	0	0	120	0	10	47	23	55	91	19	182	0	251	0	26	16	0	30	14	8	26	342	0	0	0	0	409	207	471	221	39	112	36	140	74	228	42	338	8	0	24	40	0	19	24	22	21	141	0	15	68	57	20	0	6	69	257	190	245	129	0	0	67	147	127	200	0	0	256	0	379	8	27	18	94	383	102	82	159	72	61	0	46	226	18	6	104	19	172	5	18	7	29	230	43	32	59	293	73	14	241	42	24	40	141	23	0	0	19	331	46	79	59	0	290	109	162	18	9	170	130	0	71	40	713	651	643	466	0	0	162	43	11	6	0	49	49	57	0	11	106	0	37	125	513	7	28	53	24	158	53	0	0	186	151	0	94	68	314	456	67	399	0	41	23	34	5	0	0	0	14	817	0	0
Zkscan1	1	0	0	0	0	0	0	0	0	0	0	1	0	0	0	0	1	0	0	0	0	0	1	1	1	0	0	0	0	0	0	0	0	0	0	0	0	0	0	0	0	0	1	0	0	0	0	0	0	0	0	0	0	1	0	0	0	0	0	0	0	9	0	0	0	0	4	5	0	7	0	0	0	0	0	0	0	0	0	0	0	2	0	0	0	0	0	0	0	0	0	0	0	0	0	0	0	0	0	0	0	0	0	0	0	0	0	0	0	0	0	0	0	0	0	0	0	0	0	0	0	6	0	0	0	0	0	0	0	10	0	0	0	0	8	0	0	0	0	0	0	2	0	0	0	0	0	0	0	0	0	0	0	0	0	7	0	0	0	0	0	0	1	0	0	0	0	3	1	0	0	0	19	0
Zkscan3	0	0	3	0	1	0	0	3	5	2	6	0	13	0	3	0	0	2	0	0	0	11	0	0	0	0	20	10	22	0	0	11	3	8	0	11	3	4	0	0	3	3	0	0	0	0	0	7	0	1	5	4	1	0	1	2	12	8	13	0	0	0	1	11	8	12	0	0	13	0	13	0	2	1	3	10	1	6	10	8	0	0	2	10	0	0	3	0	10	0	1	0	1	10	4	2	2	13	1	0	12	1	4	0	10	4	0	0	0	8	2	2	1	0	6	10	0	0	1	4	4	0	3	2	22	19	17	22	0	0	11	3	2	0	0	2	2	2	0	2	4	0	0	4	12	0	1	2	1	7	1	0	0	8	1	0	5	2	12	17	4	13	0	0	0	0	0	0	0	0	0	6	0	35
