	Ahr	Ahrr	Arid2	Arid3a	Arid3b	Arid5a	Atf5	Bach1	Bach2	Batf	Batf3	Bcl11a	Bcl11b	Cbfb	Cdc5l	Cic	Creb3	Creb3l2	Creb3l4	Creb5	Ddit3	E2f1	E2f4	E2f6	E2f7	E2f8	Egr4	Elf1	Eomes	Ep300	Erf	Fos	Fosb	Foxa1	Foxj2	Foxj3	Foxo1	Foxr1	Foxs1	Gtf2i	Hhex	Hivep1	Hivep2	Hivep3	Hmg20b	Hoxc4	Hsf1	Id3	Ikzf1	Ikzf3	Ikzf5	Insm1	Irf1	Isl2	Klf10_Klf11	Klf13	Klf14	Klf2	Klf3	Klf5	Klf7	Lcor	Lhx6	Lin54	Lyl1	Maf	Mafb	Maff	Maz	Mef2a	Mef2c	Mef2d	Myc	Nfat5	Nfatc2	Nfatc3	Nfatc4	Nfe2l1	Nfix	Nfkb1	Nfkb2	Nfya	Npas2	Nr1d1	Nr1d2	Nr1h2	Nr1i2	Nr2c2	Nr4a1	Nr4a3	Osr2	Patz1	Pax5	Pbx2	Pbx3	Pou4f1	Ppard	Prdm15	Prdm16	Prdm4	Prkrir	Rbpj	Rel	Rela	Relb	Rfx5	Rfx7	Rorc	Rreb1	Runx1	Runx2	Runx3	Satb1	Scrt1	Scx	Setdb1	Sim2	Six5	Smad1	Smarcc1	Smarcc2	Snai1	Sox12	Sox7	Sp2	Sp3	Sp6	Spi1	Spib	Stat1	Stat2	Stat5a	Stat5b	Tbx21	Tcf21	Tcf3	Terf2	Tfdp1	Tfdp2	Tgif1	Trerf1	Trp63	Ybx1	Ybx2	Zbtb1	Zbtb12	Zbtb3	Zbtb4	Zbtb42	Zbtb49	Zbtb6	Zbtb7a	Zeb1	Zfp1	Zfp110_Zfp369	Zfp143	Zfp148	Zfp182	Zfp281	Zfp282	Zfp384	Zfp467	Zfp521	Zfp523	Zfp524	Zfp628	Zfp637	Zfp652	Zfp784	Zfx	Zkscan1	Zkscan3
Ahr	56	0	0	0	0	0	0	0	0	0	0	0	0	0	0	0	0	0	0	0	0	0	0	0	0	0	0	0	0	0	0	0	0	0	0	0	0	0	0	0	0	0	0	0	0	0	0	0	0	0	0	0	0	0	0	0	0	0	0	0	0	0	0	0	0	0	0	0	0	0	0	0	0	0	0	0	0	0	0	0	0	0	0	0	0	0	0	0	0	0	0	0	0	0	0	0	0	0	0	0	0	0	0	0	0	0	0	0	0	0	0	0	0	0	0	0	0	0	0	0	0	0	0	0	0	0	0	0	0	0	0	0	0	0	0	0	0	0	0	0	0	0	0	0	0	0	0	0	0	0	0	0	0	0	0	0	0	0	0	0	0	0	0	0	0	0	0	0	0	0	0	0
Ahrr	34	34	0	0	0	0	0	0	0	0	0	0	0	0	0	0	0	0	0	0	0	0	0	0	0	0	0	0	0	0	0	0	0	0	0	0	0	0	0	0	0	0	0	0	0	0	0	0	0	0	0	0	0	0	0	0	0	0	0	0	0	0	0	0	0	0	0	0	0	0	0	0	0	0	0	0	0	0	0	0	0	0	0	0	0	0	0	0	0	0	0	0	0	0	0	0	0	0	0	0	0	0	0	0	0	0	0	0	0	0	0	0	0	0	0	0	0	0	0	0	0	0	0	0	0	0	0	0	0	0	0	0	0	0	0	0	0	0	0	0	0	0	0	0	0	0	0	0	0	0	0	0	0	0	0	0	0	0	0	0	0	0	0	0	0	0	0	0	0	0	0	0
Arid2	2	2	105	0	0	0	0	0	0	0	0	0	0	0	0	0	0	0	0	0	0	0	0	0	0	0	0	0	0	0	0	0	0	0	0	0	0	0	0	0	0	0	0	0	0	0	0	0	0	0	0	0	0	0	0	0	0	0	0	0	0	0	0	0	0	0	0	0	0	0	0	0	0	0	0	0	0	0	0	0	0	0	0	0	0	0	0	0	0	0	0	0	0	0	0	0	0	0	0	0	0	0	0	0	0	0	0	0	0	0	0	0	0	0	0	0	0	0	0	0	0	0	0	0	0	0	0	0	0	0	0	0	0	0	0	0	0	0	0	0	0	0	0	0	0	0	0	0	0	0	0	0	0	0	0	0	0	0	0	0	0	0	0	0	0	0	0	0	0	0	0	0
Arid3a	13	7	32	819	0	0	0	0	0	0	0	0	0	0	0	0	0	0	0	0	0	0	0	0	0	0	0	0	0	0	0	0	0	0	0	0	0	0	0	0	0	0	0	0	0	0	0	0	0	0	0	0	0	0	0	0	0	0	0	0	0	0	0	0	0	0	0	0	0	0	0	0	0	0	0	0	0	0	0	0	0	0	0	0	0	0	0	0	0	0	0	0	0	0	0	0	0	0	0	0	0	0	0	0	0	0	0	0	0	0	0	0	0	0	0	0	0	0	0	0	0	0	0	0	0	0	0	0	0	0	0	0	0	0	0	0	0	0	0	0	0	0	0	0	0	0	0	0	0	0	0	0	0	0	0	0	0	0	0	0	0	0	0	0	0	0	0	0	0	0	0	0
Arid3b	3	1	1	110	140	0	0	0	0	0	0	0	0	0	0	0	0	0	0	0	0	0	0	0	0	0	0	0	0	0	0	0	0	0	0	0	0	0	0	0	0	0	0	0	0	0	0	0	0	0	0	0	0	0	0	0	0	0	0	0	0	0	0	0	0	0	0	0	0	0	0	0	0	0	0	0	0	0	0	0	0	0	0	0	0	0	0	0	0	0	0	0	0	0	0	0	0	0	0	0	0	0	0	0	0	0	0	0	0	0	0	0	0	0	0	0	0	0	0	0	0	0	0	0	0	0	0	0	0	0	0	0	0	0	0	0	0	0	0	0	0	0	0	0	0	0	0	0	0	0	0	0	0	0	0	0	0	0	0	0	0	0	0	0	0	0	0	0	0	0	0	0
Arid5a	0	0	0	0	0	171	0	0	0	0	0	0	0	0	0	0	0	0	0	0	0	0	0	0	0	0	0	0	0	0	0	0	0	0	0	0	0	0	0	0	0	0	0	0	0	0	0	0	0	0	0	0	0	0	0	0	0	0	0	0	0	0	0	0	0	0	0	0	0	0	0	0	0	0	0	0	0	0	0	0	0	0	0	0	0	0	0	0	0	0	0	0	0	0	0	0	0	0	0	0	0	0	0	0	0	0	0	0	0	0	0	0	0	0	0	0	0	0	0	0	0	0	0	0	0	0	0	0	0	0	0	0	0	0	0	0	0	0	0	0	0	0	0	0	0	0	0	0	0	0	0	0	0	0	0	0	0	0	0	0	0	0	0	0	0	0	0	0	0	0	0	0
Atf5	8	5	17	115	22	0	335	0	0	0	0	0	0	0	0	0	0	0	0	0	0	0	0	0	0	0	0	0	0	0	0	0	0	0	0	0	0	0	0	0	0	0	0	0	0	0	0	0	0	0	0	0	0	0	0	0	0	0	0	0	0	0	0	0	0	0	0	0	0	0	0	0	0	0	0	0	0	0	0	0	0	0	0	0	0	0	0	0	0	0	0	0	0	0	0	0	0	0	0	0	0	0	0	0	0	0	0	0	0	0	0	0	0	0	0	0	0	0	0	0	0	0	0	0	0	0	0	0	0	0	0	0	0	0	0	0	0	0	0	0	0	0	0	0	0	0	0	0	0	0	0	0	0	0	0	0	0	0	0	0	0	0	0	0	0	0	0	0	0	0	0	0
Bach1	11	5	26	207	44	0	95	648	0	0	0	0	0	0	0	0	0	0	0	0	0	0	0	0	0	0	0	0	0	0	0	0	0	0	0	0	0	0	0	0	0	0	0	0	0	0	0	0	0	0	0	0	0	0	0	0	0	0	0	0	0	0	0	0	0	0	0	0	0	0	0	0	0	0	0	0	0	0	0	0	0	0	0	0	0	0	0	0	0	0	0	0	0	0	0	0	0	0	0	0	0	0	0	0	0	0	0	0	0	0	0	0	0	0	0	0	0	0	0	0	0	0	0	0	0	0	0	0	0	0	0	0	0	0	0	0	0	0	0	0	0	0	0	0	0	0	0	0	0	0	0	0	0	0	0	0	0	0	0	0	0	0	0	0	0	0	0	0	0	0	0	0
Bach2	4	2	9	66	11	0	31	148	200	0	0	0	0	0	0	0	0	0	0	0	0	0	0	0	0	0	0	0	0	0	0	0	0	0	0	0	0	0	0	0	0	0	0	0	0	0	0	0	0	0	0	0	0	0	0	0	0	0	0	0	0	0	0	0	0	0	0	0	0	0	0	0	0	0	0	0	0	0	0	0	0	0	0	0	0	0	0	0	0	0	0	0	0	0	0	0	0	0	0	0	0	0	0	0	0	0	0	0	0	0	0	0	0	0	0	0	0	0	0	0	0	0	0	0	0	0	0	0	0	0	0	0	0	0	0	0	0	0	0	0	0	0	0	0	0	0	0	0	0	0	0	0	0	0	0	0	0	0	0	0	0	0	0	0	0	0	0	0	0	0	0	0
Batf	23	14	48	367	59	0	140	345	131	1121	0	0	0	0	0	0	0	0	0	0	0	0	0	0	0	0	0	0	0	0	0	0	0	0	0	0	0	0	0	0	0	0	0	0	0	0	0	0	0	0	0	0	0	0	0	0	0	0	0	0	0	0	0	0	0	0	0	0	0	0	0	0	0	0	0	0	0	0	0	0	0	0	0	0	0	0	0	0	0	0	0	0	0	0	0	0	0	0	0	0	0	0	0	0	0	0	0	0	0	0	0	0	0	0	0	0	0	0	0	0	0	0	0	0	0	0	0	0	0	0	0	0	0	0	0	0	0	0	0	0	0	0	0	0	0	0	0	0	0	0	0	0	0	0	0	0	0	0	0	0	0	0	0	0	0	0	0	0	0	0	0	0
Batf3	0	0	0	0	0	20	0	0	0	0	170	0	0	0	0	0	0	0	0	0	0	0	0	0	0	0	0	0	0	0	0	0	0	0	0	0	0	0	0	0	0	0	0	0	0	0	0	0	0	0	0	0	0	0	0	0	0	0	0	0	0	0	0	0	0	0	0	0	0	0	0	0	0	0	0	0	0	0	0	0	0	0	0	0	0	0	0	0	0	0	0	0	0	0	0	0	0	0	0	0	0	0	0	0	0	0	0	0	0	0	0	0	0	0	0	0	0	0	0	0	0	0	0	0	0	0	0	0	0	0	0	0	0	0	0	0	0	0	0	0	0	0	0	0	0	0	0	0	0	0	0	0	0	0	0	0	0	0	0	0	0	0	0	0	0	0	0	0	0	0	0	0
Bcl11a	0	0	0	0	0	56	0	0	0	0	41	797	0	0	0	0	0	0	0	0	0	0	0	0	0	0	0	0	0	0	0	0	0	0	0	0	0	0	0	0	0	0	0	0	0	0	0	0	0	0	0	0	0	0	0	0	0	0	0	0	0	0	0	0	0	0	0	0	0	0	0	0	0	0	0	0	0	0	0	0	0	0	0	0	0	0	0	0	0	0	0	0	0	0	0	0	0	0	0	0	0	0	0	0	0	0	0	0	0	0	0	0	0	0	0	0	0	0	0	0	0	0	0	0	0	0	0	0	0	0	0	0	0	0	0	0	0	0	0	0	0	0	0	0	0	0	0	0	0	0	0	0	0	0	0	0	0	0	0	0	0	0	0	0	0	0	0	0	0	0	0	0
Bcl11b	2	1	1	20	3	0	11	44	42	62	0	0	65	0	0	0	0	0	0	0	0	0	0	0	0	0	0	0	0	0	0	0	0	0	0	0	0	0	0	0	0	0	0	0	0	0	0	0	0	0	0	0	0	0	0	0	0	0	0	0	0	0	0	0	0	0	0	0	0	0	0	0	0	0	0	0	0	0	0	0	0	0	0	0	0	0	0	0	0	0	0	0	0	0	0	0	0	0	0	0	0	0	0	0	0	0	0	0	0	0	0	0	0	0	0	0	0	0	0	0	0	0	0	0	0	0	0	0	0	0	0	0	0	0	0	0	0	0	0	0	0	0	0	0	0	0	0	0	0	0	0	0	0	0	0	0	0	0	0	0	0	0	0	0	0	0	0	0	0	0	0	0
Cbfb	13	9	24	168	32	0	81	129	52	217	0	0	18	513	0	0	0	0	0	0	0	0	0	0	0	0	0	0	0	0	0	0	0	0	0	0	0	0	0	0	0	0	0	0	0	0	0	0	0	0	0	0	0	0	0	0	0	0	0	0	0	0	0	0	0	0	0	0	0	0	0	0	0	0	0	0	0	0	0	0	0	0	0	0	0	0	0	0	0	0	0	0	0	0	0	0	0	0	0	0	0	0	0	0	0	0	0	0	0	0	0	0	0	0	0	0	0	0	0	0	0	0	0	0	0	0	0	0	0	0	0	0	0	0	0	0	0	0	0	0	0	0	0	0	0	0	0	0	0	0	0	0	0	0	0	0	0	0	0	0	0	0	0	0	0	0	0	0	0	0	0	0
Cdc5l	1	0	2	56	12	0	16	43	14	73	0	0	7	44	143	0	0	0	0	0	0	0	0	0	0	0	0	0	0	0	0	0	0	0	0	0	0	0	0	0	0	0	0	0	0	0	0	0	0	0	0	0	0	0	0	0	0	0	0	0	0	0	0	0	0	0	0	0	0	0	0	0	0	0	0	0	0	0	0	0	0	0	0	0	0	0	0	0	0	0	0	0	0	0	0	0	0	0	0	0	0	0	0	0	0	0	0	0	0	0	0	0	0	0	0	0	0	0	0	0	0	0	0	0	0	0	0	0	0	0	0	0	0	0	0	0	0	0	0	0	0	0	0	0	0	0	0	0	0	0	0	0	0	0	0	0	0	0	0	0	0	0	0	0	0	0	0	0	0	0	0	0
Cic	3	3	4	44	12	0	26	57	21	73	0	0	4	37	10	147	0	0	0	0	0	0	0	0	0	0	0	0	0	0	0	0	0	0	0	0	0	0	0	0	0	0	0	0	0	0	0	0	0	0	0	0	0	0	0	0	0	0	0	0	0	0	0	0	0	0	0	0	0	0	0	0	0	0	0	0	0	0	0	0	0	0	0	0	0	0	0	0	0	0	0	0	0	0	0	0	0	0	0	0	0	0	0	0	0	0	0	0	0	0	0	0	0	0	0	0	0	0	0	0	0	0	0	0	0	0	0	0	0	0	0	0	0	0	0	0	0	0	0	0	0	0	0	0	0	0	0	0	0	0	0	0	0	0	0	0	0	0	0	0	0	0	0	0	0	0	0	0	0	0	0	0
Creb3	6	5	4	30	6	0	15	29	16	56	0	0	7	17	9	10	121	0	0	0	0	0	0	0	0	0	0	0	0	0	0	0	0	0	0	0	0	0	0	0	0	0	0	0	0	0	0	0	0	0	0	0	0	0	0	0	0	0	0	0	0	0	0	0	0	0	0	0	0	0	0	0	0	0	0	0	0	0	0	0	0	0	0	0	0	0	0	0	0	0	0	0	0	0	0	0	0	0	0	0	0	0	0	0	0	0	0	0	0	0	0	0	0	0	0	0	0	0	0	0	0	0	0	0	0	0	0	0	0	0	0	0	0	0	0	0	0	0	0	0	0	0	0	0	0	0	0	0	0	0	0	0	0	0	0	0	0	0	0	0	0	0	0	0	0	0	0	0	0	0	0	0
Creb3l2	2	1	4	17	3	0	16	18	9	25	0	0	3	15	2	3	24	86	0	0	0	0	0	0	0	0	0	0	0	0	0	0	0	0	0	0	0	0	0	0	0	0	0	0	0	0	0	0	0	0	0	0	0	0	0	0	0	0	0	0	0	0	0	0	0	0	0	0	0	0	0	0	0	0	0	0	0	0	0	0	0	0	0	0	0	0	0	0	0	0	0	0	0	0	0	0	0	0	0	0	0	0	0	0	0	0	0	0	0	0	0	0	0	0	0	0	0	0	0	0	0	0	0	0	0	0	0	0	0	0	0	0	0	0	0	0	0	0	0	0	0	0	0	0	0	0	0	0	0	0	0	0	0	0	0	0	0	0	0	0	0	0	0	0	0	0	0	0	0	0	0	0
Creb3l4	5	4	3	19	4	0	9	10	6	42	0	0	3	8	5	8	74	8	74	0	0	0	0	0	0	0	0	0	0	0	0	0	0	0	0	0	0	0	0	0	0	0	0	0	0	0	0	0	0	0	0	0	0	0	0	0	0	0	0	0	0	0	0	0	0	0	0	0	0	0	0	0	0	0	0	0	0	0	0	0	0	0	0	0	0	0	0	0	0	0	0	0	0	0	0	0	0	0	0	0	0	0	0	0	0	0	0	0	0	0	0	0	0	0	0	0	0	0	0	0	0	0	0	0	0	0	0	0	0	0	0	0	0	0	0	0	0	0	0	0	0	0	0	0	0	0	0	0	0	0	0	0	0	0	0	0	0	0	0	0	0	0	0	0	0	0	0	0	0	0	0	0
Creb5	0	0	2	16	3	0	12	7	4	32	0	0	1	7	5	5	37	4	36	46	0	0	0	0	0	0	0	0	0	0	0	0	0	0	0	0	0	0	0	0	0	0	0	0	0	0	0	0	0	0	0	0	0	0	0	0	0	0	0	0	0	0	0	0	0	0	0	0	0	0	0	0	0	0	0	0	0	0	0	0	0	0	0	0	0	0	0	0	0	0	0	0	0	0	0	0	0	0	0	0	0	0	0	0	0	0	0	0	0	0	0	0	0	0	0	0	0	0	0	0	0	0	0	0	0	0	0	0	0	0	0	0	0	0	0	0	0	0	0	0	0	0	0	0	0	0	0	0	0	0	0	0	0	0	0	0	0	0	0	0	0	0	0	0	0	0	0	0	0	0	0	0
Ddit3	0	0	2	13	3	0	8	11	5	18	0	0	0	7	1	1	0	0	0	0	39	0	0	0	0	0	0	0	0	0	0	0	0	0	0	0	0	0	0	0	0	0	0	0	0	0	0	0	0	0	0	0	0	0	0	0	0	0	0	0	0	0	0	0	0	0	0	0	0	0	0	0	0	0	0	0	0	0	0	0	0	0	0	0	0	0	0	0	0	0	0	0	0	0	0	0	0	0	0	0	0	0	0	0	0	0	0	0	0	0	0	0	0	0	0	0	0	0	0	0	0	0	0	0	0	0	0	0	0	0	0	0	0	0	0	0	0	0	0	0	0	0	0	0	0	0	0	0	0	0	0	0	0	0	0	0	0	0	0	0	0	0	0	0	0	0	0	0	0	0	0	0
E2f1	0	0	0	0	0	14	0	0	0	0	31	126	0	0	0	0	0	0	0	0	0	398	0	0	0	0	0	0	0	0	0	0	0	0	0	0	0	0	0	0	0	0	0	0	0	0	0	0	0	0	0	0	0	0	0	0	0	0	0	0	0	0	0	0	0	0	0	0	0	0	0	0	0	0	0	0	0	0	0	0	0	0	0	0	0	0	0	0	0	0	0	0	0	0	0	0	0	0	0	0	0	0	0	0	0	0	0	0	0	0	0	0	0	0	0	0	0	0	0	0	0	0	0	0	0	0	0	0	0	0	0	0	0	0	0	0	0	0	0	0	0	0	0	0	0	0	0	0	0	0	0	0	0	0	0	0	0	0	0	0	0	0	0	0	0	0	0	0	0	0	0	0
E2f4	0	0	0	0	0	13	0	0	0	0	25	119	0	0	0	0	0	0	0	0	0	167	339	0	0	0	0	0	0	0	0	0	0	0	0	0	0	0	0	0	0	0	0	0	0	0	0	0	0	0	0	0	0	0	0	0	0	0	0	0	0	0	0	0	0	0	0	0	0	0	0	0	0	0	0	0	0	0	0	0	0	0	0	0	0	0	0	0	0	0	0	0	0	0	0	0	0	0	0	0	0	0	0	0	0	0	0	0	0	0	0	0	0	0	0	0	0	0	0	0	0	0	0	0	0	0	0	0	0	0	0	0	0	0	0	0	0	0	0	0	0	0	0	0	0	0	0	0	0	0	0	0	0	0	0	0	0	0	0	0	0	0	0	0	0	0	0	0	0	0	0	0
E2f6	0	0	0	0	0	12	0	0	0	0	28	91	0	0	0	0	0	0	0	0	0	167	132	271	0	0	0	0	0	0	0	0	0	0	0	0	0	0	0	0	0	0	0	0	0	0	0	0	0	0	0	0	0	0	0	0	0	0	0	0	0	0	0	0	0	0	0	0	0	0	0	0	0	0	0	0	0	0	0	0	0	0	0	0	0	0	0	0	0	0	0	0	0	0	0	0	0	0	0	0	0	0	0	0	0	0	0	0	0	0	0	0	0	0	0	0	0	0	0	0	0	0	0	0	0	0	0	0	0	0	0	0	0	0	0	0	0	0	0	0	0	0	0	0	0	0	0	0	0	0	0	0	0	0	0	0	0	0	0	0	0	0	0	0	0	0	0	0	0	0	0	0
E2f7	0	0	0	0	0	4	0	0	0	0	6	27	0	0	0	0	0	0	0	0	0	28	25	16	96	0	0	0	0	0	0	0	0	0	0	0	0	0	0	0	0	0	0	0	0	0	0	0	0	0	0	0	0	0	0	0	0	0	0	0	0	0	0	0	0	0	0	0	0	0	0	0	0	0	0	0	0	0	0	0	0	0	0	0	0	0	0	0	0	0	0	0	0	0	0	0	0	0	0	0	0	0	0	0	0	0	0	0	0	0	0	0	0	0	0	0	0	0	0	0	0	0	0	0	0	0	0	0	0	0	0	0	0	0	0	0	0	0	0	0	0	0	0	0	0	0	0	0	0	0	0	0	0	0	0	0	0	0	0	0	0	0	0	0	0	0	0	0	0	0	0	0
E2f8	0	0	0	0	0	0	0	0	0	0	1	15	0	0	0	0	0	0	0	0	0	13	15	11	17	41	0	0	0	0	0	0	0	0	0	0	0	0	0	0	0	0	0	0	0	0	0	0	0	0	0	0	0	0	0	0	0	0	0	0	0	0	0	0	0	0	0	0	0	0	0	0	0	0	0	0	0	0	0	0	0	0	0	0	0	0	0	0	0	0	0	0	0	0	0	0	0	0	0	0	0	0	0	0	0	0	0	0	0	0	0	0	0	0	0	0	0	0	0	0	0	0	0	0	0	0	0	0	0	0	0	0	0	0	0	0	0	0	0	0	0	0	0	0	0	0	0	0	0	0	0	0	0	0	0	0	0	0	0	0	0	0	0	0	0	0	0	0	0	0	0	0
Egr4	14	8	20	138	20	0	59	108	38	182	0	0	8	89	25	28	31	22	18	8	6	0	0	0	0	0	596	0	0	0	0	0	0	0	0	0	0	0	0	0	0	0	0	0	0	0	0	0	0	0	0	0	0	0	0	0	0	0	0	0	0	0	0	0	0	0	0	0	0	0	0	0	0	0	0	0	0	0	0	0	0	0	0	0	0	0	0	0	0	0	0	0	0	0	0	0	0	0	0	0	0	0	0	0	0	0	0	0	0	0	0	0	0	0	0	0	0	0	0	0	0	0	0	0	0	0	0	0	0	0	0	0	0	0	0	0	0	0	0	0	0	0	0	0	0	0	0	0	0	0	0	0	0	0	0	0	0	0	0	0	0	0	0	0	0	0	0	0	0	0	0	0
Elf1	31	18	70	464	83	0	224	358	104	621	0	0	39	283	90	77	70	51	40	22	25	0	0	0	0	0	335	1976	0	0	0	0	0	0	0	0	0	0	0	0	0	0	0	0	0	0	0	0	0	0	0	0	0	0	0	0	0	0	0	0	0	0	0	0	0	0	0	0	0	0	0	0	0	0	0	0	0	0	0	0	0	0	0	0	0	0	0	0	0	0	0	0	0	0	0	0	0	0	0	0	0	0	0	0	0	0	0	0	0	0	0	0	0	0	0	0	0	0	0	0	0	0	0	0	0	0	0	0	0	0	0	0	0	0	0	0	0	0	0	0	0	0	0	0	0	0	0	0	0	0	0	0	0	0	0	0	0	0	0	0	0	0	0	0	0	0	0	0	0	0	0	0
Eomes	5	2	8	54	19	0	25	45	22	74	0	0	18	44	9	8	11	7	5	3	0	0	0	0	0	0	41	104	163	0	0	0	0	0	0	0	0	0	0	0	0	0	0	0	0	0	0	0	0	0	0	0	0	0	0	0	0	0	0	0	0	0	0	0	0	0	0	0	0	0	0	0	0	0	0	0	0	0	0	0	0	0	0	0	0	0	0	0	0	0	0	0	0	0	0	0	0	0	0	0	0	0	0	0	0	0	0	0	0	0	0	0	0	0	0	0	0	0	0	0	0	0	0	0	0	0	0	0	0	0	0	0	0	0	0	0	0	0	0	0	0	0	0	0	0	0	0	0	0	0	0	0	0	0	0	0	0	0	0	0	0	0	0	0	0	0	0	0	0	0	0	0
Ep300	0	0	29	334	53	0	118	239	70	415	0	0	0	182	50	52	0	0	0	0	32	0	0	0	0	0	168	666	0	1275	0	0	0	0	0	0	0	0	0	0	0	0	0	0	0	0	0	0	0	0	0	0	0	0	0	0	0	0	0	0	0	0	0	0	0	0	0	0	0	0	0	0	0	0	0	0	0	0	0	0	0	0	0	0	0	0	0	0	0	0	0	0	0	0	0	0	0	0	0	0	0	0	0	0	0	0	0	0	0	0	0	0	0	0	0	0	0	0	0	0	0	0	0	0	0	0	0	0	0	0	0	0	0	0	0	0	0	0	0	0	0	0	0	0	0	0	0	0	0	0	0	0	0	0	0	0	0	0	0	0	0	0	0	0	0	0	0	0	0	0	0	0
Erf	6	6	8	12	1	0	7	10	2	20	0	0	0	10	2	3	11	1	10	3	0	0	0	0	0	0	22	73	7	0	81	0	0	0	0	0	0	0	0	0	0	0	0	0	0	0	0	0	0	0	0	0	0	0	0	0	0	0	0	0	0	0	0	0	0	0	0	0	0	0	0	0	0	0	0	0	0	0	0	0	0	0	0	0	0	0	0	0	0	0	0	0	0	0	0	0	0	0	0	0	0	0	0	0	0	0	0	0	0	0	0	0	0	0	0	0	0	0	0	0	0	0	0	0	0	0	0	0	0	0	0	0	0	0	0	0	0	0	0	0	0	0	0	0	0	0	0	0	0	0	0	0	0	0	0	0	0	0	0	0	0	0	0	0	0	0	0	0	0	0	0	0
Fos	0	0	13	122	22	0	53	188	73	224	0	0	0	74	18	27	0	0	0	0	12	0	0	0	0	0	66	199	0	310	0	401	0	0	0	0	0	0	0	0	0	0	0	0	0	0	0	0	0	0	0	0	0	0	0	0	0	0	0	0	0	0	0	0	0	0	0	0	0	0	0	0	0	0	0	0	0	0	0	0	0	0	0	0	0	0	0	0	0	0	0	0	0	0	0	0	0	0	0	0	0	0	0	0	0	0	0	0	0	0	0	0	0	0	0	0	0	0	0	0	0	0	0	0	0	0	0	0	0	0	0	0	0	0	0	0	0	0	0	0	0	0	0	0	0	0	0	0	0	0	0	0	0	0	0	0	0	0	0	0	0	0	0	0	0	0	0	0	0	0	0	0
Fosb	6	6	9	95	18	0	47	162	86	196	0	0	54	62	19	30	15	8	6	4	3	0	0	0	0	0	48	152	29	103	1	103	286	0	0	0	0	0	0	0	0	0	0	0	0	0	0	0	0	0	0	0	0	0	0	0	0	0	0	0	0	0	0	0	0	0	0	0	0	0	0	0	0	0	0	0	0	0	0	0	0	0	0	0	0	0	0	0	0	0	0	0	0	0	0	0	0	0	0	0	0	0	0	0	0	0	0	0	0	0	0	0	0	0	0	0	0	0	0	0	0	0	0	0	0	0	0	0	0	0	0	0	0	0	0	0	0	0	0	0	0	0	0	0	0	0	0	0	0	0	0	0	0	0	0	0	0	0	0	0	0	0	0	0	0	0	0	0	0	0	0	0
Foxa1	0	0	0	0	0	78	0	0	0	0	55	235	0	0	0	0	0	0	0	0	0	81	74	48	21	4	0	0	0	0	0	0	0	812	0	0	0	0	0	0	0	0	0	0	0	0	0	0	0	0	0	0	0	0	0	0	0	0	0	0	0	0	0	0	0	0	0	0	0	0	0	0	0	0	0	0	0	0	0	0	0	0	0	0	0	0	0	0	0	0	0	0	0	0	0	0	0	0	0	0	0	0	0	0	0	0	0	0	0	0	0	0	0	0	0	0	0	0	0	0	0	0	0	0	0	0	0	0	0	0	0	0	0	0	0	0	0	0	0	0	0	0	0	0	0	0	0	0	0	0	0	0	0	0	0	0	0	0	0	0	0	0	0	0	0	0	0	0	0	0	0	0
Foxj2	22	10	17	208	30	0	78	137	51	242	0	0	26	115	37	38	42	32	19	15	0	0	0	0	0	0	123	346	62	0	20	0	66	0	555	0	0	0	0	0	0	0	0	0	0	0	0	0	0	0	0	0	0	0	0	0	0	0	0	0	0	0	0	0	0	0	0	0	0	0	0	0	0	0	0	0	0	0	0	0	0	0	0	0	0	0	0	0	0	0	0	0	0	0	0	0	0	0	0	0	0	0	0	0	0	0	0	0	0	0	0	0	0	0	0	0	0	0	0	0	0	0	0	0	0	0	0	0	0	0	0	0	0	0	0	0	0	0	0	0	0	0	0	0	0	0	0	0	0	0	0	0	0	0	0	0	0	0	0	0	0	0	0	0	0	0	0	0	0	0	0	0
Foxj3	24	15	21	274	39	0	103	158	58	303	0	0	37	153	51	44	53	29	31	22	0	0	0	0	0	0	154	446	83	0	30	0	83	0	459	773	0	0	0	0	0	0	0	0	0	0	0	0	0	0	0	0	0	0	0	0	0	0	0	0	0	0	0	0	0	0	0	0	0	0	0	0	0	0	0	0	0	0	0	0	0	0	0	0	0	0	0	0	0	0	0	0	0	0	0	0	0	0	0	0	0	0	0	0	0	0	0	0	0	0	0	0	0	0	0	0	0	0	0	0	0	0	0	0	0	0	0	0	0	0	0	0	0	0	0	0	0	0	0	0	0	0	0	0	0	0	0	0	0	0	0	0	0	0	0	0	0	0	0	0	0	0	0	0	0	0	0	0	0	0	0	0
Foxo1	0	0	0	0	0	48	0	0	0	0	40	316	0	0	0	0	0	0	0	0	0	141	113	81	19	8	0	0	0	0	0	0	0	287	0	0	673	0	0	0	0	0	0	0	0	0	0	0	0	0	0	0	0	0	0	0	0	0	0	0	0	0	0	0	0	0	0	0	0	0	0	0	0	0	0	0	0	0	0	0	0	0	0	0	0	0	0	0	0	0	0	0	0	0	0	0	0	0	0	0	0	0	0	0	0	0	0	0	0	0	0	0	0	0	0	0	0	0	0	0	0	0	0	0	0	0	0	0	0	0	0	0	0	0	0	0	0	0	0	0	0	0	0	0	0	0	0	0	0	0	0	0	0	0	0	0	0	0	0	0	0	0	0	0	0	0	0	0	0	0	0	0
Foxr1	4	1	12	121	29	0	56	81	26	121	0	0	8	69	17	22	13	9	7	5	8	0	0	0	0	0	51	167	21	111	5	39	36	0	92	100	0	275	0	0	0	0	0	0	0	0	0	0	0	0	0	0	0	0	0	0	0	0	0	0	0	0	0	0	0	0	0	0	0	0	0	0	0	0	0	0	0	0	0	0	0	0	0	0	0	0	0	0	0	0	0	0	0	0	0	0	0	0	0	0	0	0	0	0	0	0	0	0	0	0	0	0	0	0	0	0	0	0	0	0	0	0	0	0	0	0	0	0	0	0	0	0	0	0	0	0	0	0	0	0	0	0	0	0	0	0	0	0	0	0	0	0	0	0	0	0	0	0	0	0	0	0	0	0	0	0	0	0	0	0	0	0
Foxs1	9	4	11	136	23	0	51	85	33	153	0	0	20	67	21	21	13	7	6	8	4	0	0	0	0	0	47	185	25	108	5	44	56	0	124	133	0	43	294	0	0	0	0	0	0	0	0	0	0	0	0	0	0	0	0	0	0	0	0	0	0	0	0	0	0	0	0	0	0	0	0	0	0	0	0	0	0	0	0	0	0	0	0	0	0	0	0	0	0	0	0	0	0	0	0	0	0	0	0	0	0	0	0	0	0	0	0	0	0	0	0	0	0	0	0	0	0	0	0	0	0	0	0	0	0	0	0	0	0	0	0	0	0	0	0	0	0	0	0	0	0	0	0	0	0	0	0	0	0	0	0	0	0	0	0	0	0	0	0	0	0	0	0	0	0	0	0	0	0	0	0	0
Gtf2i	0	0	0	0	0	68	0	0	0	0	65	359	0	0	0	0	0	0	0	0	0	132	121	92	26	12	0	0	0	0	0	0	0	276	0	0	247	0	0	1053	0	0	0	0	0	0	0	0	0	0	0	0	0	0	0	0	0	0	0	0	0	0	0	0	0	0	0	0	0	0	0	0	0	0	0	0	0	0	0	0	0	0	0	0	0	0	0	0	0	0	0	0	0	0	0	0	0	0	0	0	0	0	0	0	0	0	0	0	0	0	0	0	0	0	0	0	0	0	0	0	0	0	0	0	0	0	0	0	0	0	0	0	0	0	0	0	0	0	0	0	0	0	0	0	0	0	0	0	0	0	0	0	0	0	0	0	0	0	0	0	0	0	0	0	0	0	0	0	0	0	0	0
Hhex	0	0	3	32	9	0	15	25	12	38	0	0	5	27	12	14	6	3	3	2	5	0	0	0	0	0	15	53	5	33	0	14	13	0	24	29	0	14	12	0	90	0	0	0	0	0	0	0	0	0	0	0	0	0	0	0	0	0	0	0	0	0	0	0	0	0	0	0	0	0	0	0	0	0	0	0	0	0	0	0	0	0	0	0	0	0	0	0	0	0	0	0	0	0	0	0	0	0	0	0	0	0	0	0	0	0	0	0	0	0	0	0	0	0	0	0	0	0	0	0	0	0	0	0	0	0	0	0	0	0	0	0	0	0	0	0	0	0	0	0	0	0	0	0	0	0	0	0	0	0	0	0	0	0	0	0	0	0	0	0	0	0	0	0	0	0	0	0	0	0	0	0
Hivep1	3	2	17	73	13	0	31	62	21	104	0	0	6	55	7	11	5	5	2	5	5	0	0	0	0	0	52	141	25	73	3	31	32	0	66	78	0	31	22	0	12	242	0	0	0	0	0	0	0	0	0	0	0	0	0	0	0	0	0	0	0	0	0	0	0	0	0	0	0	0	0	0	0	0	0	0	0	0	0	0	0	0	0	0	0	0	0	0	0	0	0	0	0	0	0	0	0	0	0	0	0	0	0	0	0	0	0	0	0	0	0	0	0	0	0	0	0	0	0	0	0	0	0	0	0	0	0	0	0	0	0	0	0	0	0	0	0	0	0	0	0	0	0	0	0	0	0	0	0	0	0	0	0	0	0	0	0	0	0	0	0	0	0	0	0	0	0	0	0	0	0	0
Hivep2	7	5	18	92	14	0	42	76	18	105	0	0	5	63	14	11	13	7	4	4	3	0	0	0	0	0	56	178	25	85	2	30	29	0	51	74	0	39	31	0	15	35	287	0	0	0	0	0	0	0	0	0	0	0	0	0	0	0	0	0	0	0	0	0	0	0	0	0	0	0	0	0	0	0	0	0	0	0	0	0	0	0	0	0	0	0	0	0	0	0	0	0	0	0	0	0	0	0	0	0	0	0	0	0	0	0	0	0	0	0	0	0	0	0	0	0	0	0	0	0	0	0	0	0	0	0	0	0	0	0	0	0	0	0	0	0	0	0	0	0	0	0	0	0	0	0	0	0	0	0	0	0	0	0	0	0	0	0	0	0	0	0	0	0	0	0	0	0	0	0	0	0
Hivep3	4	2	10	54	9	0	22	55	16	62	0	0	4	41	9	9	8	3	4	2	3	0	0	0	0	0	35	102	13	58	1	19	19	0	25	36	0	23	20	0	6	19	167	167	0	0	0	0	0	0	0	0	0	0	0	0	0	0	0	0	0	0	0	0	0	0	0	0	0	0	0	0	0	0	0	0	0	0	0	0	0	0	0	0	0	0	0	0	0	0	0	0	0	0	0	0	0	0	0	0	0	0	0	0	0	0	0	0	0	0	0	0	0	0	0	0	0	0	0	0	0	0	0	0	0	0	0	0	0	0	0	0	0	0	0	0	0	0	0	0	0	0	0	0	0	0	0	0	0	0	0	0	0	0	0	0	0	0	0	0	0	0	0	0	0	0	0	0	0	0	0	0
Hmg20b	0	0	9	103	23	0	32	51	18	87	0	0	6	47	17	14	7	6	4	4	0	0	0	0	0	0	35	118	15	78	7	27	31	0	51	65	0	26	38	0	10	15	24	16	181	0	0	0	0	0	0	0	0	0	0	0	0	0	0	0	0	0	0	0	0	0	0	0	0	0	0	0	0	0	0	0	0	0	0	0	0	0	0	0	0	0	0	0	0	0	0	0	0	0	0	0	0	0	0	0	0	0	0	0	0	0	0	0	0	0	0	0	0	0	0	0	0	0	0	0	0	0	0	0	0	0	0	0	0	0	0	0	0	0	0	0	0	0	0	0	0	0	0	0	0	0	0	0	0	0	0	0	0	0	0	0	0	0	0	0	0	0	0	0	0	0	0	0	0	0	0	0
Hoxc4	2	0	4	101	53	0	26	55	15	72	0	0	7	44	13	15	13	6	7	5	2	0	0	0	0	0	32	105	15	69	2	29	28	0	49	54	0	32	30	0	13	23	21	12	23	176	0	0	0	0	0	0	0	0	0	0	0	0	0	0	0	0	0	0	0	0	0	0	0	0	0	0	0	0	0	0	0	0	0	0	0	0	0	0	0	0	0	0	0	0	0	0	0	0	0	0	0	0	0	0	0	0	0	0	0	0	0	0	0	0	0	0	0	0	0	0	0	0	0	0	0	0	0	0	0	0	0	0	0	0	0	0	0	0	0	0	0	0	0	0	0	0	0	0	0	0	0	0	0	0	0	0	0	0	0	0	0	0	0	0	0	0	0	0	0	0	0	0	0	0	0	0
Hsf1	18	12	30	236	42	0	98	189	58	321	0	0	21	149	48	44	31	19	16	9	11	0	0	0	0	0	140	437	39	284	19	113	89	0	152	200	0	96	92	0	32	63	100	66	53	51	766	0	0	0	0	0	0	0	0	0	0	0	0	0	0	0	0	0	0	0	0	0	0	0	0	0	0	0	0	0	0	0	0	0	0	0	0	0	0	0	0	0	0	0	0	0	0	0	0	0	0	0	0	0	0	0	0	0	0	0	0	0	0	0	0	0	0	0	0	0	0	0	0	0	0	0	0	0	0	0	0	0	0	0	0	0	0	0	0	0	0	0	0	0	0	0	0	0	0	0	0	0	0	0	0	0	0	0	0	0	0	0	0	0	0	0	0	0	0	0	0	0	0	0	0	0
Id3	4	2	4	28	7	0	10	23	8	38	0	0	1	21	7	7	7	4	3	1	0	0	0	0	0	0	18	59	6	21	6	7	9	0	29	33	0	13	9	0	4	8	11	5	5	3	27	92	0	0	0	0	0	0	0	0	0	0	0	0	0	0	0	0	0	0	0	0	0	0	0	0	0	0	0	0	0	0	0	0	0	0	0	0	0	0	0	0	0	0	0	0	0	0	0	0	0	0	0	0	0	0	0	0	0	0	0	0	0	0	0	0	0	0	0	0	0	0	0	0	0	0	0	0	0	0	0	0	0	0	0	0	0	0	0	0	0	0	0	0	0	0	0	0	0	0	0	0	0	0	0	0	0	0	0	0	0	0	0	0	0	0	0	0	0	0	0	0	0	0	0	0
Ikzf1	8	4	14	114	26	0	47	98	28	152	0	0	11	65	25	19	17	13	9	11	7	0	0	0	0	0	68	201	20	129	7	59	51	0	70	91	0	69	44	0	10	43	44	26	25	28	98	13	371	0	0	0	0	0	0	0	0	0	0	0	0	0	0	0	0	0	0	0	0	0	0	0	0	0	0	0	0	0	0	0	0	0	0	0	0	0	0	0	0	0	0	0	0	0	0	0	0	0	0	0	0	0	0	0	0	0	0	0	0	0	0	0	0	0	0	0	0	0	0	0	0	0	0	0	0	0	0	0	0	0	0	0	0	0	0	0	0	0	0	0	0	0	0	0	0	0	0	0	0	0	0	0	0	0	0	0	0	0	0	0	0	0	0	0	0	0	0	0	0	0	0	0
Ikzf3	0	0	6	25	6	0	6	14	2	27	0	0	0	12	4	5	0	0	0	0	1	0	0	0	0	0	14	35	0	42	0	18	6	0	0	0	0	12	6	0	3	9	5	3	5	4	19	2	28	56	0	0	0	0	0	0	0	0	0	0	0	0	0	0	0	0	0	0	0	0	0	0	0	0	0	0	0	0	0	0	0	0	0	0	0	0	0	0	0	0	0	0	0	0	0	0	0	0	0	0	0	0	0	0	0	0	0	0	0	0	0	0	0	0	0	0	0	0	0	0	0	0	0	0	0	0	0	0	0	0	0	0	0	0	0	0	0	0	0	0	0	0	0	0	0	0	0	0	0	0	0	0	0	0	0	0	0	0	0	0	0	0	0	0	0	0	0	0	0	0	0	0
Ikzf5	1	0	2	19	7	0	12	20	8	28	0	0	2	15	5	6	2	2	0	1	2	0	0	0	0	0	7	39	2	26	0	13	12	0	13	17	0	9	8	0	5	7	10	5	5	9	22	2	9	3	58	0	0	0	0	0	0	0	0	0	0	0	0	0	0	0	0	0	0	0	0	0	0	0	0	0	0	0	0	0	0	0	0	0	0	0	0	0	0	0	0	0	0	0	0	0	0	0	0	0	0	0	0	0	0	0	0	0	0	0	0	0	0	0	0	0	0	0	0	0	0	0	0	0	0	0	0	0	0	0	0	0	0	0	0	0	0	0	0	0	0	0	0	0	0	0	0	0	0	0	0	0	0	0	0	0	0	0	0	0	0	0	0	0	0	0	0	0	0	0	0	0
Insm1	10	9	4	40	3	0	14	15	8	37	0	0	5	21	3	3	14	9	9	4	0	0	0	0	0	0	37	54	13	0	6	0	10	0	38	48	0	11	8	0	4	7	18	9	4	6	25	2	16	0	1	121	0	0	0	0	0	0	0	0	0	0	0	0	0	0	0	0	0	0	0	0	0	0	0	0	0	0	0	0	0	0	0	0	0	0	0	0	0	0	0	0	0	0	0	0	0	0	0	0	0	0	0	0	0	0	0	0	0	0	0	0	0	0	0	0	0	0	0	0	0	0	0	0	0	0	0	0	0	0	0	0	0	0	0	0	0	0	0	0	0	0	0	0	0	0	0	0	0	0	0	0	0	0	0	0	0	0	0	0	0	0	0	0	0	0	0	0	0	0	0	0
Irf1	22	13	43	489	76	0	186	300	103	533	0	0	39	263	84	70	41	37	24	13	20	0	0	0	0	0	226	775	89	537	21	166	142	0	291	409	0	134	160	0	41	111	123	82	108	95	343	44	151	30	28	41	1360	0	0	0	0	0	0	0	0	0	0	0	0	0	0	0	0	0	0	0	0	0	0	0	0	0	0	0	0	0	0	0	0	0	0	0	0	0	0	0	0	0	0	0	0	0	0	0	0	0	0	0	0	0	0	0	0	0	0	0	0	0	0	0	0	0	0	0	0	0	0	0	0	0	0	0	0	0	0	0	0	0	0	0	0	0	0	0	0	0	0	0	0	0	0	0	0	0	0	0	0	0	0	0	0	0	0	0	0	0	0	0	0	0	0	0	0	0	0	0
Isl2	0	0	1	45	19	0	11	28	5	34	0	0	0	16	6	3	0	0	0	0	3	0	0	0	0	0	16	42	0	64	0	26	4	0	0	0	0	10	14	0	5	4	7	5	9	24	22	2	10	2	2	0	42	74	0	0	0	0	0	0	0	0	0	0	0	0	0	0	0	0	0	0	0	0	0	0	0	0	0	0	0	0	0	0	0	0	0	0	0	0	0	0	0	0	0	0	0	0	0	0	0	0	0	0	0	0	0	0	0	0	0	0	0	0	0	0	0	0	0	0	0	0	0	0	0	0	0	0	0	0	0	0	0	0	0	0	0	0	0	0	0	0	0	0	0	0	0	0	0	0	0	0	0	0	0	0	0	0	0	0	0	0	0	0	0	0	0	0	0	0	0	0
Klf10_Klf11	8	4	6	46	10	0	25	41	17	65	0	0	6	36	8	10	11	9	7	2	2	0	0	0	0	0	53	100	15	46	6	29	22	0	38	47	0	17	18	0	4	12	25	12	8	9	58	4	32	4	6	10	63	6	189	0	0	0	0	0	0	0	0	0	0	0	0	0	0	0	0	0	0	0	0	0	0	0	0	0	0	0	0	0	0	0	0	0	0	0	0	0	0	0	0	0	0	0	0	0	0	0	0	0	0	0	0	0	0	0	0	0	0	0	0	0	0	0	0	0	0	0	0	0	0	0	0	0	0	0	0	0	0	0	0	0	0	0	0	0	0	0	0	0	0	0	0	0	0	0	0	0	0	0	0	0	0	0	0	0	0	0	0	0	0	0	0	0	0	0	0	0
Klf13	9	4	9	95	22	0	52	77	26	131	0	0	11	78	9	16	15	10	8	6	5	0	0	0	0	0	76	207	22	106	12	54	43	0	65	79	0	28	32	0	14	31	36	24	24	25	85	12	44	7	13	19	136	9	28	358	0	0	0	0	0	0	0	0	0	0	0	0	0	0	0	0	0	0	0	0	0	0	0	0	0	0	0	0	0	0	0	0	0	0	0	0	0	0	0	0	0	0	0	0	0	0	0	0	0	0	0	0	0	0	0	0	0	0	0	0	0	0	0	0	0	0	0	0	0	0	0	0	0	0	0	0	0	0	0	0	0	0	0	0	0	0	0	0	0	0	0	0	0	0	0	0	0	0	0	0	0	0	0	0	0	0	0	0	0	0	0	0	0	0	0	0
Klf14	8	2	9	64	12	0	36	44	17	98	0	0	3	46	14	12	14	15	9	2	8	0	0	0	0	0	115	178	22	79	12	25	24	0	50	60	0	25	19	0	12	27	29	20	17	15	75	11	30	5	4	26	104	8	27	149	347	0	0	0	0	0	0	0	0	0	0	0	0	0	0	0	0	0	0	0	0	0	0	0	0	0	0	0	0	0	0	0	0	0	0	0	0	0	0	0	0	0	0	0	0	0	0	0	0	0	0	0	0	0	0	0	0	0	0	0	0	0	0	0	0	0	0	0	0	0	0	0	0	0	0	0	0	0	0	0	0	0	0	0	0	0	0	0	0	0	0	0	0	0	0	0	0	0	0	0	0	0	0	0	0	0	0	0	0	0	0	0	0	0	0	0
Klf2	0	0	0	0	0	24	0	0	0	0	20	135	0	0	0	0	0	0	0	0	0	87	56	44	16	8	0	0	0	0	0	0	0	130	0	0	123	0	0	178	0	0	0	0	0	0	0	0	0	0	0	0	0	0	0	0	0	492	0	0	0	0	0	0	0	0	0	0	0	0	0	0	0	0	0	0	0	0	0	0	0	0	0	0	0	0	0	0	0	0	0	0	0	0	0	0	0	0	0	0	0	0	0	0	0	0	0	0	0	0	0	0	0	0	0	0	0	0	0	0	0	0	0	0	0	0	0	0	0	0	0	0	0	0	0	0	0	0	0	0	0	0	0	0	0	0	0	0	0	0	0	0	0	0	0	0	0	0	0	0	0	0	0	0	0	0	0	0	0	0	0	0
Klf3	5	3	19	117	21	0	57	101	43	165	0	0	17	72	27	25	24	12	12	8	7	0	0	0	0	0	93	236	26	142	5	62	48	0	80	111	0	51	42	0	17	43	40	23	23	34	128	13	62	15	9	15	173	19	39	48	39	0	424	0	0	0	0	0	0	0	0	0	0	0	0	0	0	0	0	0	0	0	0	0	0	0	0	0	0	0	0	0	0	0	0	0	0	0	0	0	0	0	0	0	0	0	0	0	0	0	0	0	0	0	0	0	0	0	0	0	0	0	0	0	0	0	0	0	0	0	0	0	0	0	0	0	0	0	0	0	0	0	0	0	0	0	0	0	0	0	0	0	0	0	0	0	0	0	0	0	0	0	0	0	0	0	0	0	0	0	0	0	0	0	0	0
Klf5	0	0	0	0	0	48	0	0	0	0	59	235	0	0	0	0	0	0	0	0	0	227	148	139	34	17	0	0	0	0	0	0	0	231	0	0	220	0	0	337	0	0	0	0	0	0	0	0	0	0	0	0	0	0	0	0	0	277	0	1194	0	0	0	0	0	0	0	0	0	0	0	0	0	0	0	0	0	0	0	0	0	0	0	0	0	0	0	0	0	0	0	0	0	0	0	0	0	0	0	0	0	0	0	0	0	0	0	0	0	0	0	0	0	0	0	0	0	0	0	0	0	0	0	0	0	0	0	0	0	0	0	0	0	0	0	0	0	0	0	0	0	0	0	0	0	0	0	0	0	0	0	0	0	0	0	0	0	0	0	0	0	0	0	0	0	0	0	0	0	0	0	0
Klf7	16	7	17	129	22	0	64	97	41	188	0	0	11	83	23	25	19	24	14	7	8	0	0	0	0	0	217	337	40	160	25	57	50	0	104	144	0	48	43	0	18	45	51	24	31	26	132	21	77	9	11	39	212	12	51	162	266	0	75	0	690	0	0	0	0	0	0	0	0	0	0	0	0	0	0	0	0	0	0	0	0	0	0	0	0	0	0	0	0	0	0	0	0	0	0	0	0	0	0	0	0	0	0	0	0	0	0	0	0	0	0	0	0	0	0	0	0	0	0	0	0	0	0	0	0	0	0	0	0	0	0	0	0	0	0	0	0	0	0	0	0	0	0	0	0	0	0	0	0	0	0	0	0	0	0	0	0	0	0	0	0	0	0	0	0	0	0	0	0	0	0	0
Lcor	1	0	3	40	7	0	21	29	13	52	0	0	4	28	9	8	6	6	2	4	0	0	0	0	0	0	13	68	10	38	1	15	13	0	25	40	0	22	16	0	9	11	14	7	18	15	34	4	21	2	2	7	52	1	5	7	12	0	11	0	22	113	0	0	0	0	0	0	0	0	0	0	0	0	0	0	0	0	0	0	0	0	0	0	0	0	0	0	0	0	0	0	0	0	0	0	0	0	0	0	0	0	0	0	0	0	0	0	0	0	0	0	0	0	0	0	0	0	0	0	0	0	0	0	0	0	0	0	0	0	0	0	0	0	0	0	0	0	0	0	0	0	0	0	0	0	0	0	0	0	0	0	0	0	0	0	0	0	0	0	0	0	0	0	0	0	0	0	0	0	0	0
Lhx6	0	0	2	34	18	0	7	16	5	21	0	0	0	15	4	4	0	0	0	0	1	0	0	0	0	0	5	32	0	50	0	20	6	0	0	0	0	11	6	0	5	0	3	3	4	26	13	2	12	4	2	0	34	20	3	10	3	0	8	0	7	2	68	0	0	0	0	0	0	0	0	0	0	0	0	0	0	0	0	0	0	0	0	0	0	0	0	0	0	0	0	0	0	0	0	0	0	0	0	0	0	0	0	0	0	0	0	0	0	0	0	0	0	0	0	0	0	0	0	0	0	0	0	0	0	0	0	0	0	0	0	0	0	0	0	0	0	0	0	0	0	0	0	0	0	0	0	0	0	0	0	0	0	0	0	0	0	0	0	0	0	0	0	0	0	0	0	0	0	0	0	0
Lin54	0	0	0	0	0	18	0	0	0	0	15	33	0	0	0	0	0	0	0	0	0	27	26	14	11	2	0	0	0	0	0	0	0	66	0	0	41	0	0	50	0	0	0	0	0	0	0	0	0	0	0	0	0	0	0	0	0	22	0	39	0	0	0	149	0	0	0	0	0	0	0	0	0	0	0	0	0	0	0	0	0	0	0	0	0	0	0	0	0	0	0	0	0	0	0	0	0	0	0	0	0	0	0	0	0	0	0	0	0	0	0	0	0	0	0	0	0	0	0	0	0	0	0	0	0	0	0	0	0	0	0	0	0	0	0	0	0	0	0	0	0	0	0	0	0	0	0	0	0	0	0	0	0	0	0	0	0	0	0	0	0	0	0	0	0	0	0	0	0	0	0	0
Lyl1	11	5	21	148	28	0	86	118	47	217	0	0	21	122	42	29	16	10	9	8	5	0	0	0	0	0	110	330	37	194	7	65	65	0	117	151	0	70	69	0	23	53	71	34	42	42	152	19	66	15	19	16	261	12	37	62	52	0	90	0	100	28	16	0	522	0	0	0	0	0	0	0	0	0	0	0	0	0	0	0	0	0	0	0	0	0	0	0	0	0	0	0	0	0	0	0	0	0	0	0	0	0	0	0	0	0	0	0	0	0	0	0	0	0	0	0	0	0	0	0	0	0	0	0	0	0	0	0	0	0	0	0	0	0	0	0	0	0	0	0	0	0	0	0	0	0	0	0	0	0	0	0	0	0	0	0	0	0	0	0	0	0	0	0	0	0	0	0	0	0	0	0
Maf	0	0	17	171	29	0	78	214	60	242	0	0	0	112	28	49	0	0	0	0	21	0	0	0	0	0	79	313	0	442	0	197	69	0	0	0	0	61	53	0	25	49	52	36	44	40	175	17	79	29	18	0	253	39	29	76	46	0	84	0	92	22	32	0	99	579	0	0	0	0	0	0	0	0	0	0	0	0	0	0	0	0	0	0	0	0	0	0	0	0	0	0	0	0	0	0	0	0	0	0	0	0	0	0	0	0	0	0	0	0	0	0	0	0	0	0	0	0	0	0	0	0	0	0	0	0	0	0	0	0	0	0	0	0	0	0	0	0	0	0	0	0	0	0	0	0	0	0	0	0	0	0	0	0	0	0	0	0	0	0	0	0	0	0	0	0	0	0	0	0	0	0
Mafb	0	0	9	73	13	0	31	72	18	100	0	0	0	63	18	49	0	0	0	0	7	0	0	0	0	0	44	118	0	181	0	74	25	0	0	0	0	26	21	0	12	24	21	17	21	14	71	12	32	16	4	0	111	15	15	30	22	0	37	0	44	9	8	0	38	156	224	0	0	0	0	0	0	0	0	0	0	0	0	0	0	0	0	0	0	0	0	0	0	0	0	0	0	0	0	0	0	0	0	0	0	0	0	0	0	0	0	0	0	0	0	0	0	0	0	0	0	0	0	0	0	0	0	0	0	0	0	0	0	0	0	0	0	0	0	0	0	0	0	0	0	0	0	0	0	0	0	0	0	0	0	0	0	0	0	0	0	0	0	0	0	0	0	0	0	0	0	0	0	0	0	0
Maff	0	0	10	105	20	0	36	108	27	129	0	0	0	69	22	30	0	0	0	0	10	0	0	0	0	0	41	148	0	225	0	100	42	0	0	0	0	45	27	0	13	33	21	12	24	19	87	15	41	17	10	0	153	25	15	37	23	0	49	0	42	8	17	0	58	198	97	280	0	0	0	0	0	0	0	0	0	0	0	0	0	0	0	0	0	0	0	0	0	0	0	0	0	0	0	0	0	0	0	0	0	0	0	0	0	0	0	0	0	0	0	0	0	0	0	0	0	0	0	0	0	0	0	0	0	0	0	0	0	0	0	0	0	0	0	0	0	0	0	0	0	0	0	0	0	0	0	0	0	0	0	0	0	0	0	0	0	0	0	0	0	0	0	0	0	0	0	0	0	0	0	0
Maz	0	0	0	0	0	77	0	0	0	0	64	336	0	0	0	0	0	0	0	0	0	211	143	137	38	21	0	0	0	0	0	0	0	313	0	0	270	0	0	530	0	0	0	0	0	0	0	0	0	0	0	0	0	0	0	0	0	327	0	654	0	0	0	53	0	0	0	0	1330	0	0	0	0	0	0	0	0	0	0	0	0	0	0	0	0	0	0	0	0	0	0	0	0	0	0	0	0	0	0	0	0	0	0	0	0	0	0	0	0	0	0	0	0	0	0	0	0	0	0	0	0	0	0	0	0	0	0	0	0	0	0	0	0	0	0	0	0	0	0	0	0	0	0	0	0	0	0	0	0	0	0	0	0	0	0	0	0	0	0	0	0	0	0	0	0	0	0	0	0	0	0	0
Mef2a	27	19	38	418	67	0	142	267	85	448	0	0	30	229	76	58	37	36	22	13	20	0	0	0	0	0	176	610	65	419	22	144	119	0	248	327	0	128	160	0	46	91	118	74	105	91	282	40	140	27	35	40	562	37	65	129	94	0	148	0	182	57	32	0	225	221	91	117	0	1118	0	0	0	0	0	0	0	0	0	0	0	0	0	0	0	0	0	0	0	0	0	0	0	0	0	0	0	0	0	0	0	0	0	0	0	0	0	0	0	0	0	0	0	0	0	0	0	0	0	0	0	0	0	0	0	0	0	0	0	0	0	0	0	0	0	0	0	0	0	0	0	0	0	0	0	0	0	0	0	0	0	0	0	0	0	0	0	0	0	0	0	0	0	0	0	0	0	0	0	0	0	0
Mef2c	10	8	20	187	35	0	72	127	46	220	0	0	16	115	40	34	25	20	17	9	12	0	0	0	0	0	85	293	36	200	14	83	66	0	111	156	0	63	69	0	25	49	60	40	55	48	137	20	59	13	16	24	268	20	38	55	46	0	69	0	86	34	16	0	116	124	50	62	0	465	496	0	0	0	0	0	0	0	0	0	0	0	0	0	0	0	0	0	0	0	0	0	0	0	0	0	0	0	0	0	0	0	0	0	0	0	0	0	0	0	0	0	0	0	0	0	0	0	0	0	0	0	0	0	0	0	0	0	0	0	0	0	0	0	0	0	0	0	0	0	0	0	0	0	0	0	0	0	0	0	0	0	0	0	0	0	0	0	0	0	0	0	0	0	0	0	0	0	0	0	0	0
Mef2d	0	0	4	47	8	0	18	37	14	69	0	0	0	33	9	6	0	0	0	0	11	0	0	0	0	0	24	86	0	122	0	47	18	0	0	0	0	22	18	0	7	15	14	12	12	10	39	3	21	9	8	0	80	8	6	17	10	0	22	0	23	8	7	0	34	73	35	36	0	131	114	142	0	0	0	0	0	0	0	0	0	0	0	0	0	0	0	0	0	0	0	0	0	0	0	0	0	0	0	0	0	0	0	0	0	0	0	0	0	0	0	0	0	0	0	0	0	0	0	0	0	0	0	0	0	0	0	0	0	0	0	0	0	0	0	0	0	0	0	0	0	0	0	0	0	0	0	0	0	0	0	0	0	0	0	0	0	0	0	0	0	0	0	0	0	0	0	0	0	0	0	0
Myc	0	0	24	180	29	0	71	162	52	261	0	0	0	108	28	32	0	0	0	0	19	0	0	0	0	0	100	306	0	449	0	223	79	0	0	0	0	66	50	0	22	45	58	35	44	36	164	16	81	29	21	0	241	34	43	73	53	0	88	0	110	21	32	0	99	252	109	122	0	222	116	71	594	0	0	0	0	0	0	0	0	0	0	0	0	0	0	0	0	0	0	0	0	0	0	0	0	0	0	0	0	0	0	0	0	0	0	0	0	0	0	0	0	0	0	0	0	0	0	0	0	0	0	0	0	0	0	0	0	0	0	0	0	0	0	0	0	0	0	0	0	0	0	0	0	0	0	0	0	0	0	0	0	0	0	0	0	0	0	0	0	0	0	0	0	0	0	0	0	0	0	0
Nfat5	15	11	11	98	11	0	45	72	31	123	0	0	17	64	25	17	18	14	9	8	0	0	0	0	0	0	64	182	40	0	12	0	41	0	124	151	0	43	49	0	14	57	36	17	17	19	81	14	47	0	8	16	142	0	27	34	32	0	48	0	62	12	0	0	69	0	0	0	0	124	61	0	0	296	0	0	0	0	0	0	0	0	0	0	0	0	0	0	0	0	0	0	0	0	0	0	0	0	0	0	0	0	0	0	0	0	0	0	0	0	0	0	0	0	0	0	0	0	0	0	0	0	0	0	0	0	0	0	0	0	0	0	0	0	0	0	0	0	0	0	0	0	0	0	0	0	0	0	0	0	0	0	0	0	0	0	0	0	0	0	0	0	0	0	0	0	0	0	0	0	0	0
Nfatc2	7	6	14	77	13	0	38	56	15	113	0	0	8	45	18	16	9	5	4	6	4	0	0	0	0	0	50	145	16	91	8	34	30	0	54	71	0	30	32	0	12	36	24	14	21	17	70	4	31	6	5	4	127	10	13	30	18	0	39	0	43	7	3	0	49	57	20	32	0	94	49	14	50	87	235	0	0	0	0	0	0	0	0	0	0	0	0	0	0	0	0	0	0	0	0	0	0	0	0	0	0	0	0	0	0	0	0	0	0	0	0	0	0	0	0	0	0	0	0	0	0	0	0	0	0	0	0	0	0	0	0	0	0	0	0	0	0	0	0	0	0	0	0	0	0	0	0	0	0	0	0	0	0	0	0	0	0	0	0	0	0	0	0	0	0	0	0	0	0	0	0	0
Nfatc3	6	6	12	78	13	0	32	56	15	118	0	0	6	47	18	17	6	6	2	3	4	0	0	0	0	0	55	150	16	91	8	33	30	0	54	75	0	30	30	0	12	30	23	13	20	17	74	4	30	5	5	4	125	9	13	27	17	0	39	0	48	8	3	0	46	56	22	35	0	100	52	18	48	85	195	236	0	0	0	0	0	0	0	0	0	0	0	0	0	0	0	0	0	0	0	0	0	0	0	0	0	0	0	0	0	0	0	0	0	0	0	0	0	0	0	0	0	0	0	0	0	0	0	0	0	0	0	0	0	0	0	0	0	0	0	0	0	0	0	0	0	0	0	0	0	0	0	0	0	0	0	0	0	0	0	0	0	0	0	0	0	0	0	0	0	0	0	0	0	0	0	0
Nfatc4	5	2	7	81	15	0	38	56	15	122	0	0	5	56	19	13	10	9	3	2	3	0	0	0	0	0	46	154	19	101	4	34	37	0	61	83	0	31	34	0	13	25	26	15	29	22	75	10	35	7	9	6	142	6	10	39	18	0	44	0	41	10	3	0	62	53	28	30	0	121	66	20	53	43	43	50	256	0	0	0	0	0	0	0	0	0	0	0	0	0	0	0	0	0	0	0	0	0	0	0	0	0	0	0	0	0	0	0	0	0	0	0	0	0	0	0	0	0	0	0	0	0	0	0	0	0	0	0	0	0	0	0	0	0	0	0	0	0	0	0	0	0	0	0	0	0	0	0	0	0	0	0	0	0	0	0	0	0	0	0	0	0	0	0	0	0	0	0	0	0	0	0
Nfe2l1	2	1	8	39	7	0	23	31	15	62	0	0	5	28	5	8	2	1	2	2	2	0	0	0	0	0	21	66	4	44	2	22	19	0	20	29	0	24	15	0	4	6	10	7	7	8	31	3	22	2	9	3	61	4	10	8	8	0	17	0	23	10	4	0	22	29	14	17	0	50	19	5	25	11	13	16	11	111	0	0	0	0	0	0	0	0	0	0	0	0	0	0	0	0	0	0	0	0	0	0	0	0	0	0	0	0	0	0	0	0	0	0	0	0	0	0	0	0	0	0	0	0	0	0	0	0	0	0	0	0	0	0	0	0	0	0	0	0	0	0	0	0	0	0	0	0	0	0	0	0	0	0	0	0	0	0	0	0	0	0	0	0	0	0	0	0	0	0	0	0	0	0
Nfix	0	0	2	14	4	0	5	11	5	20	0	0	0	8	2	8	0	0	0	0	2	0	0	0	0	0	8	22	0	30	0	12	3	0	0	0	0	7	3	0	1	5	3	2	3	3	15	1	7	1	2	0	19	3	2	6	7	0	5	0	11	1	2	0	9	24	8	12	0	17	6	7	22	0	3	4	2	2	38	0	0	0	0	0	0	0	0	0	0	0	0	0	0	0	0	0	0	0	0	0	0	0	0	0	0	0	0	0	0	0	0	0	0	0	0	0	0	0	0	0	0	0	0	0	0	0	0	0	0	0	0	0	0	0	0	0	0	0	0	0	0	0	0	0	0	0	0	0	0	0	0	0	0	0	0	0	0	0	0	0	0	0	0	0	0	0	0	0	0	0	0	0
Nfkb1	13	9	35	212	30	0	101	188	59	291	0	0	20	157	31	38	23	20	7	7	15	0	0	0	0	0	157	443	54	236	13	97	86	0	167	216	0	83	86	0	30	181	107	56	54	54	200	28	106	17	28	30	363	19	59	97	73	0	132	0	139	33	19	0	165	141	73	81	0	291	133	35	150	114	75	71	76	37	7	776	0	0	0	0	0	0	0	0	0	0	0	0	0	0	0	0	0	0	0	0	0	0	0	0	0	0	0	0	0	0	0	0	0	0	0	0	0	0	0	0	0	0	0	0	0	0	0	0	0	0	0	0	0	0	0	0	0	0	0	0	0	0	0	0	0	0	0	0	0	0	0	0	0	0	0	0	0	0	0	0	0	0	0	0	0	0	0	0	0	0	0	0
Nfkb2	10	7	14	100	17	0	44	75	18	120	0	0	4	63	15	20	10	4	6	4	6	0	0	0	0	0	55	171	17	91	6	42	38	0	58	81	0	40	33	0	24	67	46	23	23	21	85	16	52	12	7	10	146	10	18	31	34	0	52	0	54	21	7	0	69	65	30	49	0	125	67	18	62	34	25	30	30	11	5	220	278	0	0	0	0	0	0	0	0	0	0	0	0	0	0	0	0	0	0	0	0	0	0	0	0	0	0	0	0	0	0	0	0	0	0	0	0	0	0	0	0	0	0	0	0	0	0	0	0	0	0	0	0	0	0	0	0	0	0	0	0	0	0	0	0	0	0	0	0	0	0	0	0	0	0	0	0	0	0	0	0	0	0	0	0	0	0	0	0	0	0	0
Nfya	13	7	10	69	11	0	34	46	16	98	0	0	12	42	17	8	20	15	12	4	0	0	0	0	0	0	82	159	23	0	16	0	21	0	92	140	0	32	30	0	6	27	31	11	16	13	81	9	37	0	8	24	123	0	23	41	41	0	48	0	98	15	0	0	50	0	0	0	0	105	44	0	0	48	23	27	29	7	0	75	26	320	0	0	0	0	0	0	0	0	0	0	0	0	0	0	0	0	0	0	0	0	0	0	0	0	0	0	0	0	0	0	0	0	0	0	0	0	0	0	0	0	0	0	0	0	0	0	0	0	0	0	0	0	0	0	0	0	0	0	0	0	0	0	0	0	0	0	0	0	0	0	0	0	0	0	0	0	0	0	0	0	0	0	0	0	0	0	0	0	0	0
Npas2	2	1	2	10	0	0	2	5	3	6	0	0	0	5	1	0	3	5	2	2	0	0	0	0	0	0	1	14	0	0	2	0	1	0	3	7	0	3	2	0	0	1	1	0	2	0	6	0	5	0	1	1	6	0	2	3	2	0	2	0	5	1	0	0	4	0	0	0	0	13	3	0	0	4	0	0	1	1	0	6	0	4	21	0	0	0	0	0	0	0	0	0	0	0	0	0	0	0	0	0	0	0	0	0	0	0	0	0	0	0	0	0	0	0	0	0	0	0	0	0	0	0	0	0	0	0	0	0	0	0	0	0	0	0	0	0	0	0	0	0	0	0	0	0	0	0	0	0	0	0	0	0	0	0	0	0	0	0	0	0	0	0	0	0	0	0	0	0	0	0	0	0
Nr1d1	4	1	7	57	12	0	26	55	21	86	0	0	9	48	14	12	15	4	8	3	3	0	0	0	0	0	40	114	20	60	3	25	22	0	54	69	0	31	24	0	8	32	18	12	15	15	50	10	35	5	5	5	99	6	16	24	17	0	34	0	27	15	5	0	45	36	15	24	0	80	48	16	28	39	27	26	29	10	5	67	23	23	0	195	0	0	0	0	0	0	0	0	0	0	0	0	0	0	0	0	0	0	0	0	0	0	0	0	0	0	0	0	0	0	0	0	0	0	0	0	0	0	0	0	0	0	0	0	0	0	0	0	0	0	0	0	0	0	0	0	0	0	0	0	0	0	0	0	0	0	0	0	0	0	0	0	0	0	0	0	0	0	0	0	0	0	0	0	0	0	0	0
Nr1d2	3	1	4	29	8	0	14	32	14	50	0	0	5	30	9	6	8	4	4	3	3	0	0	0	0	0	26	71	14	37	2	15	11	0	36	45	0	19	14	0	3	24	10	7	8	9	29	6	24	1	1	5	59	5	8	15	9	0	19	0	18	8	4	0	24	22	8	14	0	51	30	12	15	25	15	13	20	5	4	46	11	16	0	117	117	0	0	0	0	0	0	0	0	0	0	0	0	0	0	0	0	0	0	0	0	0	0	0	0	0	0	0	0	0	0	0	0	0	0	0	0	0	0	0	0	0	0	0	0	0	0	0	0	0	0	0	0	0	0	0	0	0	0	0	0	0	0	0	0	0	0	0	0	0	0	0	0	0	0	0	0	0	0	0	0	0	0	0	0	0	0	0
Nr1h2	5	4	5	51	5	0	31	48	16	63	0	0	3	38	8	12	7	3	4	4	3	0	0	0	0	0	34	85	12	56	3	27	22	0	31	37	0	24	21	0	6	21	22	15	12	6	46	4	31	5	10	3	77	6	12	18	6	0	24	0	19	11	2	0	42	35	15	22	0	74	36	14	31	23	22	22	14	9	2	49	17	14	2	10	6	136	0	0	0	0	0	0	0	0	0	0	0	0	0	0	0	0	0	0	0	0	0	0	0	0	0	0	0	0	0	0	0	0	0	0	0	0	0	0	0	0	0	0	0	0	0	0	0	0	0	0	0	0	0	0	0	0	0	0	0	0	0	0	0	0	0	0	0	0	0	0	0	0	0	0	0	0	0	0	0	0	0	0	0	0	0	0
Nr1i2	1	1	3	53	10	0	28	54	9	77	0	0	5	34	9	11	10	9	8	7	2	0	0	0	0	0	34	92	13	54	1	33	25	0	44	53	0	26	29	0	3	22	20	14	21	15	54	3	22	7	4	6	92	5	12	26	15	0	32	0	33	7	2	0	36	32	13	13	0	71	32	10	35	29	15	14	19	9	3	57	25	20	2	11	5	18	162	0	0	0	0	0	0	0	0	0	0	0	0	0	0	0	0	0	0	0	0	0	0	0	0	0	0	0	0	0	0	0	0	0	0	0	0	0	0	0	0	0	0	0	0	0	0	0	0	0	0	0	0	0	0	0	0	0	0	0	0	0	0	0	0	0	0	0	0	0	0	0	0	0	0	0	0	0	0	0	0	0	0	0	0	0
Nr2c2	20	16	21	140	28	0	80	112	38	202	0	0	27	93	29	26	40	20	26	16	0	0	0	0	0	0	110	371	73	0	41	0	57	0	187	246	0	48	58	0	11	46	63	36	33	33	138	25	68	0	15	37	230	0	41	64	52	0	74	0	119	21	0	0	101	0	0	0	0	183	90	0	0	99	45	40	41	19	0	154	63	91	10	47	35	58	36	552	0	0	0	0	0	0	0	0	0	0	0	0	0	0	0	0	0	0	0	0	0	0	0	0	0	0	0	0	0	0	0	0	0	0	0	0	0	0	0	0	0	0	0	0	0	0	0	0	0	0	0	0	0	0	0	0	0	0	0	0	0	0	0	0	0	0	0	0	0	0	0	0	0	0	0	0	0	0	0	0	0	0	0	0
Nr4a1	6	4	11	97	15	0	52	76	21	128	0	0	11	65	17	19	8	6	3	6	5	0	0	0	0	0	63	171	31	106	5	47	34	0	83	100	0	43	45	0	15	29	41	25	31	25	89	10	44	8	11	15	150	10	26	33	31	0	59	0	52	11	6	0	67	59	24	29	0	136	64	13	68	44	34	31	32	14	5	100	36	40	1	35	22	33	27	121	301	0	0	0	0	0	0	0	0	0	0	0	0	0	0	0	0	0	0	0	0	0	0	0	0	0	0	0	0	0	0	0	0	0	0	0	0	0	0	0	0	0	0	0	0	0	0	0	0	0	0	0	0	0	0	0	0	0	0	0	0	0	0	0	0	0	0	0	0	0	0	0	0	0	0	0	0	0	0	0	0	0	0	0
Nr4a3	4	2	10	64	8	0	33	49	20	79	0	0	10	47	8	8	5	6	2	3	2	0	0	0	0	0	40	105	16	71	3	38	20	0	40	47	0	27	24	0	11	18	26	16	17	18	52	4	21	6	6	4	80	8	10	19	16	0	23	0	34	10	4	0	41	38	19	22	0	85	40	15	44	26	16	17	19	8	4	58	32	27	2	18	14	15	23	67	98	181	0	0	0	0	0	0	0	0	0	0	0	0	0	0	0	0	0	0	0	0	0	0	0	0	0	0	0	0	0	0	0	0	0	0	0	0	0	0	0	0	0	0	0	0	0	0	0	0	0	0	0	0	0	0	0	0	0	0	0	0	0	0	0	0	0	0	0	0	0	0	0	0	0	0	0	0	0	0	0	0	0	0
Osr2	4	1	8	61	14	0	25	40	23	83	0	0	21	34	13	6	6	4	2	1	2	0	0	0	0	0	22	95	18	45	4	24	35	0	46	50	0	14	40	0	9	17	26	13	19	13	59	10	25	5	6	6	85	3	11	24	7	0	39	0	21	7	3	0	42	24	12	13	0	66	25	5	31	29	18	18	14	8	1	48	16	11	0	15	8	7	16	34	19	13	161	0	0	0	0	0	0	0	0	0	0	0	0	0	0	0	0	0	0	0	0	0	0	0	0	0	0	0	0	0	0	0	0	0	0	0	0	0	0	0	0	0	0	0	0	0	0	0	0	0	0	0	0	0	0	0	0	0	0	0	0	0	0	0	0	0	0	0	0	0	0	0	0	0	0	0	0	0	0	0	0	0
Patz1	0	0	0	0	0	20	0	0	0	0	16	68	0	0	0	0	0	0	0	0	0	53	40	34	4	3	0	0	0	0	0	0	0	69	0	0	65	0	0	103	0	0	0	0	0	0	0	0	0	0	0	0	0	0	0	0	0	72	0	174	0	0	0	6	0	0	0	0	211	0	0	0	0	0	0	0	0	0	0	0	0	0	0	0	0	0	0	0	0	0	0	282	0	0	0	0	0	0	0	0	0	0	0	0	0	0	0	0	0	0	0	0	0	0	0	0	0	0	0	0	0	0	0	0	0	0	0	0	0	0	0	0	0	0	0	0	0	0	0	0	0	0	0	0	0	0	0	0	0	0	0	0	0	0	0	0	0	0	0	0	0	0	0	0	0	0	0	0	0	0	0	0
Pax5	0	0	0	0	0	116	0	0	0	0	113	656	0	0	0	0	0	0	0	0	0	233	199	173	54	25	0	0	0	0	0	0	0	578	0	0	453	0	0	825	0	0	0	0	0	0	0	0	0	0	0	0	0	0	0	0	0	305	0	673	0	0	0	99	0	0	0	0	839	0	0	0	0	0	0	0	0	0	0	0	0	0	0	0	0	0	0	0	0	0	0	181	2351	0	0	0	0	0	0	0	0	0	0	0	0	0	0	0	0	0	0	0	0	0	0	0	0	0	0	0	0	0	0	0	0	0	0	0	0	0	0	0	0	0	0	0	0	0	0	0	0	0	0	0	0	0	0	0	0	0	0	0	0	0	0	0	0	0	0	0	0	0	0	0	0	0	0	0	0	0	0	0
Pbx2	2	0	11	58	15	0	17	35	12	62	0	0	4	28	9	5	3	2	1	1	3	0	0	0	0	0	25	79	5	45	1	15	15	0	43	49	0	17	24	0	9	13	10	8	12	14	45	8	23	4	4	5	67	7	5	23	12	0	19	0	17	7	9	0	26	24	10	13	0	58	26	6	28	23	28	25	16	11	2	35	15	7	0	13	11	8	5	27	17	10	20	0	0	135	0	0	0	0	0	0	0	0	0	0	0	0	0	0	0	0	0	0	0	0	0	0	0	0	0	0	0	0	0	0	0	0	0	0	0	0	0	0	0	0	0	0	0	0	0	0	0	0	0	0	0	0	0	0	0	0	0	0	0	0	0	0	0	0	0	0	0	0	0	0	0	0	0	0	0	0	0	0
Pbx3	21	11	15	125	24	0	74	99	47	178	0	0	23	93	26	24	39	36	22	14	0	0	0	0	0	0	120	289	55	0	28	0	45	0	168	226	0	52	60	0	16	53	62	28	24	25	125	21	56	0	13	37	208	0	43	75	72	0	77	0	124	18	0	0	91	0	0	0	0	171	74	0	0	94	39	41	39	21	0	136	42	238	7	43	31	32	22	158	67	35	34	0	0	31	531	0	0	0	0	0	0	0	0	0	0	0	0	0	0	0	0	0	0	0	0	0	0	0	0	0	0	0	0	0	0	0	0	0	0	0	0	0	0	0	0	0	0	0	0	0	0	0	0	0	0	0	0	0	0	0	0	0	0	0	0	0	0	0	0	0	0	0	0	0	0	0	0	0	0	0	0	0
Pou4f1	0	0	9	141	52	0	41	83	27	119	0	0	10	74	23	21	12	10	7	5	6	0	0	0	0	0	44	182	20	120	4	46	38	0	72	76	0	40	48	0	16	29	33	19	36	54	95	14	36	14	9	9	167	16	14	36	24	0	48	0	42	9	21	0	74	68	35	40	0	148	71	24	57	34	32	31	37	13	2	77	37	24	5	31	17	12	19	59	45	29	26	0	0	17	47	281	0	0	0	0	0	0	0	0	0	0	0	0	0	0	0	0	0	0	0	0	0	0	0	0	0	0	0	0	0	0	0	0	0	0	0	0	0	0	0	0	0	0	0	0	0	0	0	0	0	0	0	0	0	0	0	0	0	0	0	0	0	0	0	0	0	0	0	0	0	0	0	0	0	0	0	0
Ppard	1	0	6	51	8	0	31	47	15	73	0	0	2	41	8	10	6	3	1	0	2	0	0	0	0	0	29	112	12	67	3	30	14	0	37	43	0	16	22	0	9	21	19	9	19	10	48	4	27	5	2	3	87	4	12	12	13	0	27	0	28	10	3	0	37	38	21	21	0	72	32	9	38	24	14	14	23	6	0	55	28	23	2	12	9	28	7	59	44	33	14	0	0	11	37	21	172	0	0	0	0	0	0	0	0	0	0	0	0	0	0	0	0	0	0	0	0	0	0	0	0	0	0	0	0	0	0	0	0	0	0	0	0	0	0	0	0	0	0	0	0	0	0	0	0	0	0	0	0	0	0	0	0	0	0	0	0	0	0	0	0	0	0	0	0	0	0	0	0	0	0	0
Prdm15	1	1	2	20	3	0	15	11	3	28	0	0	1	12	4	8	2	2	1	0	1	0	0	0	0	0	11	37	3	24	1	8	7	0	10	15	0	9	5	0	5	14	11	5	6	2	18	4	15	6	1	4	36	3	4	7	8	0	23	0	12	5	1	0	16	15	9	11	0	25	15	3	16	12	5	6	12	7	0	37	13	5	1	5	2	7	7	12	9	8	5	0	0	4	11	13	8	63	0	0	0	0	0	0	0	0	0	0	0	0	0	0	0	0	0	0	0	0	0	0	0	0	0	0	0	0	0	0	0	0	0	0	0	0	0	0	0	0	0	0	0	0	0	0	0	0	0	0	0	0	0	0	0	0	0	0	0	0	0	0	0	0	0	0	0	0	0	0	0	0	0	0
Prdm16	0	0	2	31	4	0	16	27	8	40	0	0	4	25	9	5	3	2	1	2	2	0	0	0	0	0	12	58	9	38	2	7	12	0	27	29	0	13	13	0	6	6	10	5	14	10	29	2	10	2	4	6	55	1	4	11	7	0	13	0	11	6	3	0	23	26	10	12	0	52	24	8	21	14	9	9	15	4	3	20	8	10	1	13	8	7	4	18	16	9	9	0	0	9	17	11	6	2	92	0	0	0	0	0	0	0	0	0	0	0	0	0	0	0	0	0	0	0	0	0	0	0	0	0	0	0	0	0	0	0	0	0	0	0	0	0	0	0	0	0	0	0	0	0	0	0	0	0	0	0	0	0	0	0	0	0	0	0	0	0	0	0	0	0	0	0	0	0	0	0	0	0
Prdm4	3	2	4	29	5	0	16	30	10	48	0	0	5	17	6	5	1	0	1	1	1	0	0	0	0	0	29	63	11	30	1	12	13	0	21	28	0	16	14	0	4	13	14	9	10	4	28	4	12	5	3	6	45	2	6	8	10	0	17	0	23	3	1	0	24	24	8	9	0	47	21	8	20	12	9	9	8	6	3	34	13	13	2	7	6	8	7	29	10	10	4	0	0	4	24	7	8	4	6	105	0	0	0	0	0	0	0	0	0	0	0	0	0	0	0	0	0	0	0	0	0	0	0	0	0	0	0	0	0	0	0	0	0	0	0	0	0	0	0	0	0	0	0	0	0	0	0	0	0	0	0	0	0	0	0	0	0	0	0	0	0	0	0	0	0	0	0	0	0	0	0	0
Prkrir	0	0	0	17	5	0	5	7	4	12	0	0	4	8	3	1	3	2	2	0	0	0	0	0	0	0	5	17	3	0	0	0	7	0	14	18	0	4	8	0	1	2	2	1	4	3	9	2	5	0	0	3	20	0	4	5	3	0	6	0	8	1	0	0	12	0	0	0	0	16	12	0	0	6	3	2	4	1	0	12	3	8	0	6	4	1	1	6	3	2	6	0	0	4	9	7	1	2	1	2	34	0	0	0	0	0	0	0	0	0	0	0	0	0	0	0	0	0	0	0	0	0	0	0	0	0	0	0	0	0	0	0	0	0	0	0	0	0	0	0	0	0	0	0	0	0	0	0	0	0	0	0	0	0	0	0	0	0	0	0	0	0	0	0	0	0	0	0	0	0	0	0
Rbpj	5	5	6	48	9	0	25	43	15	77	0	0	4	31	10	13	10	5	7	1	0	0	0	0	0	0	33	86	9	45	6	19	20	0	29	48	0	19	23	0	9	18	22	14	13	13	31	4	18	4	5	8	71	4	7	19	12	0	14	0	26	13	3	0	27	25	14	12	0	71	43	11	23	17	17	14	18	9	0	44	22	19	3	15	7	8	11	32	17	10	9	0	0	7	32	18	9	8	5	8	3	147	0	0	0	0	0	0	0	0	0	0	0	0	0	0	0	0	0	0	0	0	0	0	0	0	0	0	0	0	0	0	0	0	0	0	0	0	0	0	0	0	0	0	0	0	0	0	0	0	0	0	0	0	0	0	0	0	0	0	0	0	0	0	0	0	0	0	0	0	0	0
Rel	8	4	17	167	23	0	70	128	36	202	0	0	17	111	28	23	15	17	5	5	9	0	0	0	0	0	93	316	38	151	14	69	68	0	121	153	0	58	66	0	23	115	87	43	30	38	133	24	88	12	22	21	243	10	33	53	40	0	94	0	83	27	11	0	119	93	42	52	0	208	90	26	100	87	40	39	43	26	5	435	157	55	5	47	32	33	40	106	71	41	37	0	0	21	98	60	34	36	16	31	12	29	506	0	0	0	0	0	0	0	0	0	0	0	0	0	0	0	0	0	0	0	0	0	0	0	0	0	0	0	0	0	0	0	0	0	0	0	0	0	0	0	0	0	0	0	0	0	0	0	0	0	0	0	0	0	0	0	0	0	0	0	0	0	0	0	0	0	0	0	0	0
Rela	40	26	66	493	87	0	231	382	122	656	0	0	42	317	90	81	65	57	40	18	28	0	0	0	0	0	362	1094	108	634	47	229	177	0	358	457	0	175	169	0	60	203	199	112	107	115	445	66	230	35	40	56	831	46	119	206	178	0	261	0	348	67	35	0	354	342	128	165	0	659	310	81	346	200	157	153	149	74	23	694	242	189	11	133	81	101	107	334	198	112	101	0	0	79	324	177	116	55	56	73	20	84	472	1954	0	0	0	0	0	0	0	0	0	0	0	0	0	0	0	0	0	0	0	0	0	0	0	0	0	0	0	0	0	0	0	0	0	0	0	0	0	0	0	0	0	0	0	0	0	0	0	0	0	0	0	0	0	0	0	0	0	0	0	0	0	0	0	0	0	0	0	0
Relb	0	0	0	0	0	35	0	0	0	0	30	152	0	0	0	0	0	0	0	0	0	55	47	43	15	7	0	0	0	0	0	0	0	146	0	0	147	0	0	204	0	0	0	0	0	0	0	0	0	0	0	0	0	0	0	0	0	76	0	162	0	0	0	22	0	0	0	0	200	0	0	0	0	0	0	0	0	0	0	0	0	0	0	0	0	0	0	0	0	0	0	54	333	0	0	0	0	0	0	0	0	0	0	0	468	0	0	0	0	0	0	0	0	0	0	0	0	0	0	0	0	0	0	0	0	0	0	0	0	0	0	0	0	0	0	0	0	0	0	0	0	0	0	0	0	0	0	0	0	0	0	0	0	0	0	0	0	0	0	0	0	0	0	0	0	0	0	0	0	0	0	0
Rfx5	0	0	0	0	0	12	0	0	0	0	22	66	0	0	0	0	0	0	0	0	0	36	29	16	13	6	0	0	0	0	0	0	0	90	0	0	66	0	0	101	0	0	0	0	0	0	0	0	0	0	0	0	0	0	0	0	0	42	0	101	0	0	0	12	0	0	0	0	118	0	0	0	0	0	0	0	0	0	0	0	0	0	0	0	0	0	0	0	0	0	0	24	171	0	0	0	0	0	0	0	0	0	0	0	54	259	0	0	0	0	0	0	0	0	0	0	0	0	0	0	0	0	0	0	0	0	0	0	0	0	0	0	0	0	0	0	0	0	0	0	0	0	0	0	0	0	0	0	0	0	0	0	0	0	0	0	0	0	0	0	0	0	0	0	0	0	0	0	0	0	0	0
Rfx7	0	0	0	0	0	16	0	0	0	0	22	58	0	0	0	0	0	0	0	0	0	29	25	21	3	1	0	0	0	0	0	0	0	65	0	0	58	0	0	78	0	0	0	0	0	0	0	0	0	0	0	0	0	0	0	0	0	35	0	89	0	0	0	13	0	0	0	0	92	0	0	0	0	0	0	0	0	0	0	0	0	0	0	0	0	0	0	0	0	0	0	22	131	0	0	0	0	0	0	0	0	0	0	0	44	79	203	0	0	0	0	0	0	0	0	0	0	0	0	0	0	0	0	0	0	0	0	0	0	0	0	0	0	0	0	0	0	0	0	0	0	0	0	0	0	0	0	0	0	0	0	0	0	0	0	0	0	0	0	0	0	0	0	0	0	0	0	0	0	0	0	0
Rorc	0	0	0	0	0	18	0	0	0	0	12	35	0	0	0	0	0	0	0	0	0	16	10	11	3	0	0	0	0	0	0	0	0	35	0	0	30	0	0	48	0	0	0	0	0	0	0	0	0	0	0	0	0	0	0	0	0	13	0	28	0	0	0	3	0	0	0	0	40	0	0	0	0	0	0	0	0	0	0	0	0	0	0	0	0	0	0	0	0	0	0	7	70	0	0	0	0	0	0	0	0	0	0	0	23	10	9	113	0	0	0	0	0	0	0	0	0	0	0	0	0	0	0	0	0	0	0	0	0	0	0	0	0	0	0	0	0	0	0	0	0	0	0	0	0	0	0	0	0	0	0	0	0	0	0	0	0	0	0	0	0	0	0	0	0	0	0	0	0	0	0	0
Rreb1	31	22	52	372	64	0	190	331	102	506	0	0	34	273	69	81	50	41	30	16	19	0	0	0	0	0	310	771	86	457	34	177	135	0	267	363	0	142	133	0	48	111	144	85	88	80	353	51	170	25	31	59	621	35	105	165	136	0	216	0	285	56	25	0	256	268	114	145	0	485	227	69	276	146	110	107	121	61	12	355	137	124	8	98	64	69	92	246	153	107	83	0	0	63	223	130	92	32	47	55	19	68	229	830	0	0	0	0	1415	0	0	0	0	0	0	0	0	0	0	0	0	0	0	0	0	0	0	0	0	0	0	0	0	0	0	0	0	0	0	0	0	0	0	0	0	0	0	0	0	0	0	0	0	0	0	0	0	0	0	0	0	0	0	0	0	0	0	0	0	0	0	0
Runx1	20	13	38	330	60	0	166	258	70	437	0	0	28	429	77	68	36	35	19	13	9	0	0	0	0	0	169	613	70	382	17	142	110	0	217	297	0	115	124	0	44	94	108	70	87	89	304	48	132	21	25	38	530	36	71	123	89	0	138	0	167	48	30	0	228	221	96	118	0	463	235	62	208	117	88	86	103	47	20	295	112	80	11	96	55	67	69	203	120	65	70	0	0	49	170	143	65	27	92	38	12	53	199	675	0	0	0	0	514	1090	0	0	0	0	0	0	0	0	0	0	0	0	0	0	0	0	0	0	0	0	0	0	0	0	0	0	0	0	0	0	0	0	0	0	0	0	0	0	0	0	0	0	0	0	0	0	0	0	0	0	0	0	0	0	0	0	0	0	0	0	0	0
Runx2	23	16	38	297	56	0	143	242	71	414	0	0	28	373	58	54	32	30	22	14	9	0	0	0	0	0	162	553	59	344	22	132	105	0	201	264	0	106	117	0	39	84	96	62	78	66	272	46	114	17	20	34	468	27	56	109	76	0	142	0	154	45	26	0	196	195	79	107	0	396	202	56	183	100	75	76	95	42	15	276	110	88	9	84	48	57	68	169	108	69	62	0	0	56	148	109	73	26	41	31	13	56	194	575	0	0	0	0	512	613	969	0	0	0	0	0	0	0	0	0	0	0	0	0	0	0	0	0	0	0	0	0	0	0	0	0	0	0	0	0	0	0	0	0	0	0	0	0	0	0	0	0	0	0	0	0	0	0	0	0	0	0	0	0	0	0	0	0	0	0	0	0
Runx3	14	10	32	203	39	0	90	180	53	308	0	0	22	252	43	43	34	21	20	11	8	0	0	0	0	0	107	419	47	276	21	96	90	0	134	187	0	82	77	0	30	72	82	47	60	55	196	29	84	15	21	26	327	21	48	93	57	0	122	0	113	25	17	0	152	160	64	84	0	287	146	44	145	82	71	74	68	25	13	208	83	70	3	68	37	46	47	134	93	58	51	0	0	45	110	76	56	16	34	27	11	36	150	427	0	0	0	0	381	389	503	716	0	0	0	0	0	0	0	0	0	0	0	0	0	0	0	0	0	0	0	0	0	0	0	0	0	0	0	0	0	0	0	0	0	0	0	0	0	0	0	0	0	0	0	0	0	0	0	0	0	0	0	0	0	0	0	0	0	0	0	0
Satb1	0	0	0	0	0	18	0	0	0	0	8	46	0	0	0	0	0	0	0	0	0	16	14	10	6	0	0	0	0	0	0	0	0	46	0	0	29	0	0	54	0	0	0	0	0	0	0	0	0	0	0	0	0	0	0	0	0	22	0	43	0	0	0	11	0	0	0	0	55	0	0	0	0	0	0	0	0	0	0	0	0	0	0	0	0	0	0	0	0	0	0	17	101	0	0	0	0	0	0	0	0	0	0	0	27	11	8	5	0	0	0	0	125	0	0	0	0	0	0	0	0	0	0	0	0	0	0	0	0	0	0	0	0	0	0	0	0	0	0	0	0	0	0	0	0	0	0	0	0	0	0	0	0	0	0	0	0	0	0	0	0	0	0	0	0	0	0	0	0	0	0	0
Scrt1	3	1	5	30	3	0	10	28	10	37	0	0	0	15	3	4	6	3	4	5	1	0	0	0	0	0	17	58	5	35	2	13	10	0	20	25	0	13	6	0	5	10	14	8	4	3	32	8	13	1	4	6	45	0	6	12	12	0	4	0	18	4	2	0	20	19	11	12	0	31	16	7	20	11	8	7	7	4	3	27	11	8	3	11	7	4	7	11	10	5	2	0	0	5	16	16	4	2	6	4	1	3	17	50	0	0	0	0	39	42	31	26	0	95	0	0	0	0	0	0	0	0	0	0	0	0	0	0	0	0	0	0	0	0	0	0	0	0	0	0	0	0	0	0	0	0	0	0	0	0	0	0	0	0	0	0	0	0	0	0	0	0	0	0	0	0	0	0	0	0	0	0
Scx	2	1	5	67	12	0	16	38	12	69	0	0	6	43	11	15	3	1	0	0	1	0	0	0	0	0	29	91	10	56	3	21	22	0	38	50	0	13	22	0	5	17	13	8	18	12	50	5	22	5	7	7	81	8	10	14	13	0	24	0	32	3	2	0	33	34	17	23	0	64	29	8	39	21	18	15	20	12	6	47	17	11	0	10	6	12	15	36	27	12	14	0	0	10	22	23	15	6	8	10	2	9	35	107	0	0	0	0	71	85	74	53	0	3	167	0	0	0	0	0	0	0	0	0	0	0	0	0	0	0	0	0	0	0	0	0	0	0	0	0	0	0	0	0	0	0	0	0	0	0	0	0	0	0	0	0	0	0	0	0	0	0	0	0	0	0	0	0	0	0	0	0
Setdb1	8	3	26	94	12	0	46	73	29	138	0	0	10	73	23	16	17	8	13	9	2	0	0	0	0	0	81	265	19	120	19	49	41	0	75	98	0	36	39	0	15	28	35	24	25	20	112	12	46	10	5	20	157	9	27	70	63	0	47	0	101	18	10	0	67	54	26	26	0	115	57	13	65	40	31	34	34	8	4	87	37	40	3	23	14	15	25	86	38	23	20	0	0	16	71	40	9	6	10	19	3	20	61	227	0	0	0	0	179	138	127	94	0	14	16	453	0	0	0	0	0	0	0	0	0	0	0	0	0	0	0	0	0	0	0	0	0	0	0	0	0	0	0	0	0	0	0	0	0	0	0	0	0	0	0	0	0	0	0	0	0	0	0	0	0	0	0	0	0	0	0	0
Sim2	0	0	1	5	2	0	2	1	1	11	0	0	1	3	2	0	0	0	0	0	0	0	0	0	0	0	3	9	3	0	2	0	2	0	5	10	0	2	4	0	1	2	1	1	2	2	6	2	0	0	0	0	9	0	0	3	2	0	1	0	3	0	0	0	2	0	0	0	0	8	7	0	0	5	1	1	5	1	0	6	2	4	1	2	2	0	0	6	3	1	0	0	0	1	7	2	1	0	0	0	1	1	2	10	0	0	0	0	8	8	5	5	0	0	1	3	16	0	0	0	0	0	0	0	0	0	0	0	0	0	0	0	0	0	0	0	0	0	0	0	0	0	0	0	0	0	0	0	0	0	0	0	0	0	0	0	0	0	0	0	0	0	0	0	0	0	0	0	0	0	0	0
Six5	17	11	36	259	51	0	112	216	80	355	0	0	37	220	48	54	39	25	22	15	11	0	0	0	0	0	157	512	64	310	18	113	110	0	181	228	0	91	108	0	26	71	97	58	58	56	234	27	114	17	28	23	403	22	58	126	77	0	129	0	166	37	20	0	173	173	65	93	0	345	181	50	164	102	83	83	89	39	14	225	86	76	5	80	52	37	52	167	108	77	64	0	0	48	144	106	51	27	30	36	11	53	157	514	0	0	0	0	413	389	352	248	0	28	60	179	5	890	0	0	0	0	0	0	0	0	0	0	0	0	0	0	0	0	0	0	0	0	0	0	0	0	0	0	0	0	0	0	0	0	0	0	0	0	0	0	0	0	0	0	0	0	0	0	0	0	0	0	0	0	0	0
Smad1	18	11	37	282	47	0	103	206	60	327	0	0	27	162	52	39	25	16	15	10	10	0	0	0	0	0	151	483	60	281	14	109	98	0	198	271	0	93	116	0	26	69	98	62	65	53	227	28	110	20	21	34	415	24	45	103	73	0	126	0	139	35	17	0	177	145	60	79	0	305	162	42	159	111	88	83	81	37	16	228	97	69	8	52	25	50	57	157	92	57	45	0	0	49	128	90	52	20	33	34	10	42	164	492	0	0	0	0	393	321	276	193	0	37	64	94	7	273	793	0	0	0	0	0	0	0	0	0	0	0	0	0	0	0	0	0	0	0	0	0	0	0	0	0	0	0	0	0	0	0	0	0	0	0	0	0	0	0	0	0	0	0	0	0	0	0	0	0	0	0	0	0
Smarcc1	0	0	0	0	0	51	0	0	0	0	44	158	0	0	0	0	0	0	0	0	0	61	53	46	14	7	0	0	0	0	0	0	0	205	0	0	133	0	0	249	0	0	0	0	0	0	0	0	0	0	0	0	0	0	0	0	0	102	0	206	0	0	0	32	0	0	0	0	273	0	0	0	0	0	0	0	0	0	0	0	0	0	0	0	0	0	0	0	0	0	0	60	434	0	0	0	0	0	0	0	0	0	0	0	111	53	58	23	0	0	0	0	29	0	0	0	0	0	0	631	0	0	0	0	0	0	0	0	0	0	0	0	0	0	0	0	0	0	0	0	0	0	0	0	0	0	0	0	0	0	0	0	0	0	0	0	0	0	0	0	0	0	0	0	0	0	0	0	0	0	0	0
Smarcc2	6	2	8	60	9	0	34	46	20	85	0	0	7	40	14	6	8	5	4	3	3	0	0	0	0	0	31	154	15	70	12	27	26	0	44	65	0	21	28	0	8	13	36	22	13	13	69	8	33	4	3	12	101	5	16	50	28	0	26	0	56	13	3	0	33	30	8	17	0	83	49	13	44	28	19	21	25	6	1	62	26	27	2	18	7	5	14	44	18	20	14	0	0	11	43	18	11	5	6	10	4	13	37	141	0	0	0	0	114	82	78	53	0	13	9	185	2	147	62	0	262	0	0	0	0	0	0	0	0	0	0	0	0	0	0	0	0	0	0	0	0	0	0	0	0	0	0	0	0	0	0	0	0	0	0	0	0	0	0	0	0	0	0	0	0	0	0	0	0	0	0	0
Snai1	0	0	0	0	0	24	0	0	0	0	19	75	0	0	0	0	0	0	0	0	0	26	27	17	9	2	0	0	0	0	0	0	0	108	0	0	73	0	0	121	0	0	0	0	0	0	0	0	0	0	0	0	0	0	0	0	0	53	0	94	0	0	0	22	0	0	0	0	126	0	0	0	0	0	0	0	0	0	0	0	0	0	0	0	0	0	0	0	0	0	0	23	196	0	0	0	0	0	0	0	0	0	0	0	56	31	27	17	0	0	0	0	13	0	0	0	0	0	0	78	0	286	0	0	0	0	0	0	0	0	0	0	0	0	0	0	0	0	0	0	0	0	0	0	0	0	0	0	0	0	0	0	0	0	0	0	0	0	0	0	0	0	0	0	0	0	0	0	0	0	0	0
Sox12	8	4	19	126	28	0	48	83	33	131	0	0	5	83	31	20	11	10	6	5	5	0	0	0	0	0	58	161	21	109	3	44	44	0	88	113	0	50	42	0	21	27	34	21	32	30	88	17	42	11	11	10	164	9	12	37	21	0	46	0	47	19	6	0	70	69	25	42	0	133	64	16	54	41	44	44	42	12	6	79	30	33	1	34	18	22	15	60	44	29	21	0	0	24	59	42	25	7	14	11	3	22	47	187	0	0	0	0	146	126	128	101	0	10	24	32	4	99	109	0	19	0	285	0	0	0	0	0	0	0	0	0	0	0	0	0	0	0	0	0	0	0	0	0	0	0	0	0	0	0	0	0	0	0	0	0	0	0	0	0	0	0	0	0	0	0	0	0	0	0	0	0
Sox7	9	4	9	105	23	0	47	68	33	121	0	0	20	65	19	15	20	10	11	9	0	0	0	0	0	0	46	146	33	0	7	0	44	0	133	155	0	39	39	0	13	31	27	13	22	23	74	15	37	0	5	13	143	0	15	34	17	0	39	0	43	14	0	0	53	0	0	0	0	105	52	0	0	62	28	30	31	12	0	79	29	36	1	34	26	16	17	96	39	25	24	0	0	30	79	39	22	4	12	13	7	14	48	156	0	0	0	0	125	105	107	76	0	12	21	27	5	91	98	0	22	0	78	250	0	0	0	0	0	0	0	0	0	0	0	0	0	0	0	0	0	0	0	0	0	0	0	0	0	0	0	0	0	0	0	0	0	0	0	0	0	0	0	0	0	0	0	0	0	0	0	0
Sp2	34	18	39	192	28	0	97	145	57	292	0	0	31	136	39	38	63	52	37	21	0	0	0	0	0	0	284	533	97	0	53	0	66	0	268	367	0	79	78	0	24	68	98	48	41	43	207	32	114	0	17	77	335	0	81	138	178	0	132	0	370	35	0	0	154	0	0	0	0	271	132	0	0	160	68	69	65	34	0	224	76	226	12	55	36	42	51	286	89	57	48	0	0	31	323	65	42	16	21	33	15	41	145	563	0	0	0	0	445	259	234	171	0	31	42	152	8	239	234	0	87	0	72	118	1018	0	0	0	0	0	0	0	0	0	0	0	0	0	0	0	0	0	0	0	0	0	0	0	0	0	0	0	0	0	0	0	0	0	0	0	0	0	0	0	0	0	0	0	0	0	0	0
Sp3	31	19	49	302	47	0	146	225	82	428	0	0	24	195	47	62	57	49	33	14	17	0	0	0	0	0	453	784	83	397	46	151	107	0	229	305	0	116	102	0	31	106	123	63	55	58	314	42	171	23	24	75	492	24	133	223	309	0	216	0	574	48	18	0	232	210	94	96	0	406	201	60	272	136	96	102	87	48	16	319	121	166	10	78	41	58	67	252	130	79	58	0	0	43	256	100	65	32	28	45	14	60	198	862	0	0	0	0	715	392	347	252	0	43	57	232	8	351	335	0	120	0	108	92	709	1531	0	0	0	0	0	0	0	0	0	0	0	0	0	0	0	0	0	0	0	0	0	0	0	0	0	0	0	0	0	0	0	0	0	0	0	0	0	0	0	0	0	0	0	0	0	0
Sp6	8	4	9	40	4	0	24	24	12	70	0	0	4	19	7	7	19	16	13	3	0	0	0	0	0	0	133	132	16	0	15	0	11	0	54	73	0	24	13	0	5	12	17	7	7	8	52	7	21	0	4	32	74	0	30	63	131	0	37	0	195	5	0	0	33	0	0	0	0	65	32	0	0	39	10	12	4	9	0	47	20	61	3	10	5	10	13	69	23	14	8	0	0	3	87	14	10	8	7	6	4	14	34	132	0	0	0	0	104	61	63	40	0	4	11	43	1	50	43	0	18	0	8	16	250	262	277	0	0	0	0	0	0	0	0	0	0	0	0	0	0	0	0	0	0	0	0	0	0	0	0	0	0	0	0	0	0	0	0	0	0	0	0	0	0	0	0	0	0	0	0	0
Spi1	41	25	82	682	125	0	298	510	163	897	0	0	60	432	118	118	68	58	34	20	35	0	0	0	0	0	417	1618	142	1061	49	307	238	0	467	626	0	227	257	0	79	201	228	135	157	157	621	82	302	49	53	82	1156	68	143	268	212	0	331	0	429	94	51	0	461	480	186	231	0	905	414	123	473	238	199	196	226	94	34	626	229	200	14	181	107	121	137	430	257	153	145	0	0	119	374	253	152	57	85	81	30	117	411	1571	0	0	0	0	1107	896	792	588	0	75	138	294	13	702	670	0	182	0	250	214	673	1029	157	3050	0	0	0	0	0	0	0	0	0	0	0	0	0	0	0	0	0	0	0	0	0	0	0	0	0	0	0	0	0	0	0	0	0	0	0	0	0	0	0	0	0	0	0	0
Spib	0	0	0	0	0	52	0	0	0	0	36	0	0	0	0	0	0	0	0	0	0	0	0	0	9	0	0	0	0	0	0	0	0	222	0	0	0	0	0	251	0	0	0	0	0	0	0	0	0	0	0	0	0	0	0	0	0	99	0	193	0	0	0	49	0	0	0	0	280	0	0	0	0	0	0	0	0	0	0	0	0	0	0	0	0	0	0	0	0	0	0	57	545	0	0	0	0	0	0	0	0	0	0	0	100	67	47	23	0	0	0	0	38	0	0	0	0	0	0	173	0	78	0	0	0	0	0	0	847	0	0	0	0	0	0	0	0	0	0	0	0	0	0	0	0	0	0	0	0	0	0	0	0	0	0	0	0	0	0	0	0	0	0	0	0	0	0	0	0	0	0	0
Stat1	27	18	37	333	60	0	145	264	88	469	0	0	35	244	72	66	50	31	30	17	17	0	0	0	0	0	207	655	83	398	31	145	122	0	236	321	0	120	133	0	38	95	126	75	77	72	320	43	146	21	31	38	722	29	63	124	86	0	182	0	202	52	26	0	230	219	97	120	0	455	208	65	221	125	97	91	117	60	16	322	135	118	7	90	57	65	75	217	134	88	85	0	0	61	194	120	78	28	50	46	12	63	223	707	0	0	0	0	535	439	401	294	0	45	69	146	8	371	321	0	102	0	145	128	315	467	78	971	0	1144	0	0	0	0	0	0	0	0	0	0	0	0	0	0	0	0	0	0	0	0	0	0	0	0	0	0	0	0	0	0	0	0	0	0	0	0	0	0	0	0	0	0
Stat2	14	8	33	301	50	0	130	200	78	366	0	0	20	186	56	52	34	24	17	10	14	0	0	0	0	0	144	514	64	358	19	118	106	0	179	258	0	107	102	0	31	82	103	64	66	68	256	36	111	18	28	33	698	24	36	93	66	0	128	0	143	38	26	0	182	187	84	108	0	377	193	65	167	92	91	84	95	51	14	259	110	72	5	74	45	52	61	170	109	55	60	0	0	46	139	101	56	26	36	25	9	52	181	546	0	0	0	0	410	369	321	219	0	35	55	105	8	282	264	0	65	0	123	87	219	332	53	777	0	581	875	0	0	0	0	0	0	0	0	0	0	0	0	0	0	0	0	0	0	0	0	0	0	0	0	0	0	0	0	0	0	0	0	0	0	0	0	0	0	0	0	0
Stat5a	15	9	18	128	26	0	51	102	31	177	0	0	9	111	32	24	22	12	13	11	5	0	0	0	0	0	83	247	30	148	14	62	48	0	94	114	0	40	52	0	20	34	58	38	33	30	132	21	61	10	13	21	203	13	31	57	38	0	76	0	92	22	12	0	90	88	35	34	0	178	85	26	81	38	36	32	50	24	6	127	69	43	4	26	20	26	22	80	51	33	21	0	0	27	66	52	34	14	20	15	10	29	87	262	0	0	0	0	213	186	181	124	0	19	30	76	5	140	140	0	48	0	50	48	121	189	29	338	0	344	137	424	0	0	0	0	0	0	0	0	0	0	0	0	0	0	0	0	0	0	0	0	0	0	0	0	0	0	0	0	0	0	0	0	0	0	0	0	0	0	0	0
Stat5b	0	0	0	0	0	15	0	0	0	0	12	36	0	0	0	0	0	0	0	0	0	13	17	12	4	1	0	0	0	0	0	0	0	40	0	0	35	0	0	49	0	0	0	0	0	0	0	0	0	0	0	0	0	0	0	0	0	25	0	51	0	0	0	11	0	0	0	0	62	0	0	0	0	0	0	0	0	0	0	0	0	0	0	0	0	0	0	0	0	0	0	16	96	0	0	0	0	0	0	0	0	0	0	0	27	18	16	5	0	0	0	0	8	0	0	0	0	0	0	37	0	16	0	0	0	0	0	0	41	0	0	0	149	0	0	0	0	0	0	0	0	0	0	0	0	0	0	0	0	0	0	0	0	0	0	0	0	0	0	0	0	0	0	0	0	0	0	0	0	0	0	0
Tbx21	3	3	5	86	13	0	37	69	22	94	0	0	7	59	17	11	7	7	5	3	4	0	0	0	0	0	42	140	68	85	3	28	28	0	56	70	0	31	28	0	10	36	38	22	26	23	76	8	40	9	8	12	125	10	12	41	27	0	46	0	43	19	7	0	51	53	31	26	0	102	53	15	53	33	23	28	30	8	2	89	30	22	2	24	14	16	18	57	37	29	18	0	0	12	43	31	18	15	12	12	2	14	58	153	0	0	0	0	113	96	89	76	0	7	11	24	2	84	82	0	17	0	36	31	68	103	12	198	0	103	88	35	0	230	0	0	0	0	0	0	0	0	0	0	0	0	0	0	0	0	0	0	0	0	0	0	0	0	0	0	0	0	0	0	0	0	0	0	0	0	0	0
Tcf21	0	0	3	13	3	0	6	12	2	12	0	0	0	8	2	4	0	0	0	0	0	0	0	0	0	0	5	19	0	24	0	9	3	0	0	0	0	1	5	0	3	3	2	2	3	5	9	1	3	3	2	0	15	3	5	6	0	0	3	0	3	0	3	0	2	18	5	4	0	10	5	3	16	0	3	3	0	2	1	10	4	0	0	3	1	1	3	0	4	5	1	0	0	0	0	7	2	1	2	2	0	2	7	19	0	0	0	0	18	18	16	13	0	2	4	6	0	14	15	0	1	0	7	0	0	12	0	26	0	14	9	4	0	2	32	0	0	0	0	0	0	0	0	0	0	0	0	0	0	0	0	0	0	0	0	0	0	0	0	0	0	0	0	0	0	0	0	0	0	0	0	0
Tcf3	21	13	21	137	29	0	67	128	46	188	0	0	23	98	33	23	33	26	15	8	0	0	0	0	0	0	122	318	69	0	24	0	61	0	167	219	0	44	52	0	19	53	57	36	30	32	144	31	56	0	10	34	225	0	45	68	57	0	86	0	132	21	0	0	106	0	0	0	0	180	88	0	0	111	48	45	48	20	0	154	50	79	7	41	32	31	23	181	62	35	35	0	0	25	159	49	38	11	22	27	5	22	105	322	0	0	0	0	281	193	169	134	0	23	38	63	8	159	161	0	37	0	65	85	301	276	75	431	0	210	150	84	0	53	0	565	0	0	0	0	0	0	0	0	0	0	0	0	0	0	0	0	0	0	0	0	0	0	0	0	0	0	0	0	0	0	0	0	0	0	0	0
Terf2	2	1	2	11	4	0	7	9	6	16	0	0	4	11	2	2	1	1	0	2	1	0	0	0	0	0	10	26	5	17	0	10	7	0	8	13	0	7	5	0	2	4	7	4	3	3	13	0	4	0	1	5	23	1	6	5	2	0	8	0	5	3	1	0	11	10	2	6	0	16	8	2	5	5	4	5	4	1	1	12	6	7	0	8	6	2	3	10	6	5	4	0	0	3	11	5	2	2	2	3	0	2	8	30	0	0	0	0	22	21	15	12	0	2	2	4	0	19	17	0	1	0	6	7	10	18	3	41	0	20	18	7	0	5	0	9	49	0	0	0	0	0	0	0	0	0	0	0	0	0	0	0	0	0	0	0	0	0	0	0	0	0	0	0	0	0	0	0	0	0	0	0
Tfdp1	0	0	0	0	0	2	0	0	0	0	1	8	0	0	0	0	0	0	0	0	0	21	13	16	14	6	0	0	0	0	0	0	0	7	0	0	12	0	0	7	0	0	0	0	0	0	0	0	0	0	0	0	0	0	0	0	0	4	0	13	0	0	0	0	0	0	0	0	13	0	0	0	0	0	0	0	0	0	0	0	0	0	0	0	0	0	0	0	0	0	0	3	12	0	0	0	0	0	0	0	0	0	0	0	5	6	0	1	0	0	0	0	1	0	0	0	0	0	0	3	0	3	0	0	0	0	0	0	0	0	0	0	2	0	0	0	0	31	0	0	0	0	0	0	0	0	0	0	0	0	0	0	0	0	0	0	0	0	0	0	0	0	0	0	0	0	0	0	0	0	0	0
Tfdp2	0	0	1	11	1	0	1	2	0	10	0	0	0	1	1	0	1	0	1	0	0	0	0	0	0	0	7	10	1	0	0	0	1	0	9	21	0	3	1	0	1	3	3	1	2	1	8	1	0	0	0	5	10	0	3	4	0	0	3	0	10	0	0	0	6	0	0	0	0	9	2	0	0	5	2	5	3	0	0	9	5	7	0	2	2	1	1	10	4	0	1	0	0	1	4	0	1	0	0	1	0	1	6	13	0	0	0	0	10	5	5	4	0	0	1	7	1	8	7	0	4	0	5	3	21	21	3	18	0	6	9	3	0	1	0	10	1	0	31	0	0	0	0	0	0	0	0	0	0	0	0	0	0	0	0	0	0	0	0	0	0	0	0	0	0	0	0	0	0	0	0	0
Tgif1	10	5	15	178	37	0	76	123	47	233	0	0	14	119	36	34	22	17	16	10	10	0	0	0	0	0	101	305	48	175	14	76	59	0	112	148	0	65	53	0	26	55	63	43	37	49	160	23	76	12	17	19	264	15	32	55	48	0	91	0	85	22	17	0	108	109	50	64	0	226	115	35	113	64	50	48	37	27	12	160	66	53	3	48	31	26	39	99	68	37	38	0	0	32	115	71	36	9	18	31	8	28	111	328	0	0	0	0	242	223	184	143	0	29	35	62	7	172	157	0	41	0	74	56	139	226	33	440	0	237	183	91	0	62	8	115	8	0	3	524	0	0	0	0	0	0	0	0	0	0	0	0	0	0	0	0	0	0	0	0	0	0	0	0	0	0	0	0	0	0	0	0
Trerf1	1	1	2	15	2	0	10	17	8	28	0	0	2	10	6	4	4	3	2	3	1	0	0	0	0	0	13	28	3	24	0	9	9	0	9	22	0	5	10	0	4	3	8	3	8	5	23	1	7	2	2	1	40	2	3	9	3	0	12	0	7	4	3	0	11	15	9	9	0	26	14	3	18	6	11	10	5	2	0	20	8	9	2	7	5	4	3	12	12	3	4	0	0	2	15	5	5	2	2	0	0	6	11	40	0	0	0	0	32	21	20	14	0	6	3	6	1	22	15	0	4	0	8	4	16	25	7	51	0	27	19	11	0	8	1	7	1	0	0	18	59	0	0	0	0	0	0	0	0	0	0	0	0	0	0	0	0	0	0	0	0	0	0	0	0	0	0	0	0	0	0	0
Trp63	11	10	22	88	20	0	48	85	35	137	0	0	10	73	18	12	14	13	4	6	6	0	0	0	0	0	64	194	23	111	4	55	49	0	61	81	0	36	39	0	11	37	48	27	26	15	102	15	45	5	7	15	143	9	22	43	35	0	65	0	72	9	3	0	74	63	33	33	0	114	63	15	72	41	33	29	26	14	6	105	45	34	0	23	15	16	25	71	41	30	20	0	0	22	55	29	21	12	9	20	5	18	81	203	0	0	0	0	170	130	121	100	0	11	17	51	3	110	101	0	25	0	35	32	105	156	22	263	0	135	105	46	0	36	3	68	6	0	2	64	11	341	0	0	0	0	0	0	0	0	0	0	0	0	0	0	0	0	0	0	0	0	0	0	0	0	0	0	0	0	0	0
Ybx1	0	0	0	0	0	25	0	0	0	0	27	79	0	0	0	0	0	0	0	0	0	62	103	42	19	6	0	0	0	0	0	0	0	98	0	0	91	0	0	124	0	0	0	0	0	0	0	0	0	0	0	0	0	0	0	0	0	59	0	143	0	0	0	25	0	0	0	0	149	0	0	0	0	0	0	0	0	0	0	0	0	0	0	0	0	0	0	0	0	0	0	35	212	0	0	0	0	0	0	0	0	0	0	0	64	43	26	22	0	0	0	0	9	0	0	0	0	0	0	71	0	38	0	0	0	0	0	0	58	0	0	0	16	0	0	0	0	7	0	0	0	0	379	0	0	0	0	0	0	0	0	0	0	0	0	0	0	0	0	0	0	0	0	0	0	0	0	0	0	0	0	0
Ybx2	4	1	5	54	9	0	24	45	12	70	0	0	7	35	12	10	7	7	4	7	1	0	0	0	0	0	45	93	7	46	5	57	17	0	40	55	0	19	17	0	4	15	16	7	11	12	48	8	22	3	6	5	72	4	16	19	15	0	34	0	47	5	3	0	31	32	15	20	0	59	27	4	27	18	21	24	17	8	2	42	15	91	2	10	6	10	14	32	27	18	7	0	0	6	91	23	13	4	6	3	3	11	30	113	0	0	0	0	80	66	58	41	0	8	9	18	2	57	43	0	12	0	25	17	90	82	14	132	0	62	52	23	0	12	0	32	6	0	6	38	5	22	0	194	0	0	0	0	0	0	0	0	0	0	0	0	0	0	0	0	0	0	0	0	0	0	0	0	0	0	0	0
Zbtb1	0	0	0	3	1	0	2	1	0	5	0	0	0	2	1	1	0	0	0	0	0	0	0	0	0	0	4	11	1	0	1	0	0	0	6	10	0	2	3	0	0	0	3	3	0	1	3	1	5	0	0	0	4	0	0	5	3	0	2	0	4	0	0	0	2	0	0	0	0	9	3	0	0	2	0	1	0	0	0	8	1	5	1	0	0	1	1	7	2	1	0	0	0	0	3	0	0	1	1	3	0	0	6	11	0	0	0	0	6	4	3	4	0	0	0	7	0	4	4	0	3	0	1	3	12	9	3	12	0	8	3	4	0	0	0	6	0	0	0	4	0	0	0	0	15	0	0	0	0	0	0	0	0	0	0	0	0	0	0	0	0	0	0	0	0	0	0	0	0	0	0	0
Zbtb12	6	2	6	42	8	0	22	34	16	58	0	0	9	30	6	5	6	2	4	3	3	0	0	0	0	0	20	86	9	41	2	19	16	0	38	42	0	16	20	0	6	11	15	8	11	9	58	3	21	2	8	6	61	1	12	17	20	0	25	0	31	7	4	0	40	17	3	8	0	61	24	6	31	22	11	14	8	11	3	40	14	17	0	13	5	6	5	25	17	11	13	0	0	7	28	19	6	3	3	8	3	5	25	93	0	0	0	0	62	53	43	38	0	5	8	19	0	46	47	0	10	0	18	16	47	70	19	120	0	59	44	26	0	14	3	24	2	0	1	30	2	14	0	10	2	138	0	0	0	0	0	0	0	0	0	0	0	0	0	0	0	0	0	0	0	0	0	0	0	0	0	0
Zbtb3	3	2	8	57	16	0	26	50	27	81	0	0	5	50	12	14	6	6	3	3	3	0	0	0	0	0	33	104	19	73	3	36	21	0	39	57	0	17	21	0	14	18	18	6	16	15	55	5	20	3	3	8	90	9	10	24	15	0	27	0	38	6	7	0	39	43	23	22	0	71	34	10	38	24	14	14	22	7	3	61	17	19	2	11	7	15	11	37	28	22	19	0	0	12	34	24	28	4	9	10	1	14	36	116	0	0	0	0	88	74	71	66	0	10	21	25	3	61	60	0	14	0	25	17	45	71	11	157	0	75	69	28	0	24	4	41	3	0	1	36	4	28	0	16	1	10	190	0	0	0	0	0	0	0	0	0	0	0	0	0	0	0	0	0	0	0	0	0	0	0	0	0
Zbtb4	6	5	8	39	10	0	19	32	14	75	0	0	2	25	6	9	9	2	7	1	1	0	0	0	0	0	29	90	10	54	6	29	22	0	31	37	0	22	18	0	8	19	31	18	13	9	47	7	34	3	6	10	60	3	15	36	26	0	25	0	55	9	3	0	38	32	16	17	0	60	33	8	40	15	15	18	19	7	2	46	27	20	0	6	2	11	13	32	11	7	7	0	0	9	25	16	10	5	6	7	0	12	29	93	0	0	0	0	83	47	48	38	0	8	11	28	0	47	31	0	18	0	16	12	54	97	23	127	0	67	58	30	0	14	1	31	4	0	0	31	4	22	0	9	3	12	11	170	0	0	0	0	0	0	0	0	0	0	0	0	0	0	0	0	0	0	0	0	0	0	0	0
Zbtb42	3	2	13	62	17	0	27	52	22	85	0	0	13	44	15	16	7	3	3	2	2	0	0	0	0	0	27	107	19	69	4	30	31	0	41	50	0	24	31	0	10	18	23	15	18	18	53	6	26	5	5	6	89	4	8	18	18	0	30	0	27	9	8	0	36	41	20	17	0	82	42	13	35	24	17	17	24	7	2	54	26	15	1	14	7	15	14	37	23	21	17	0	0	8	30	31	10	3	10	12	2	13	40	107	0	0	0	0	92	75	72	54	0	5	13	25	3	67	76	0	13	0	24	23	50	60	6	148	0	82	55	33	0	19	1	41	6	0	1	41	4	24	0	8	1	14	17	13	176	0	0	0	0	0	0	0	0	0	0	0	0	0	0	0	0	0	0	0	0	0	0	0
Zbtb49	2	2	0	10	4	0	4	6	1	13	0	0	2	4	1	2	0	0	0	0	0	0	0	0	0	0	11	16	6	0	1	0	4	0	12	20	0	6	5	0	3	0	4	0	2	2	6	5	8	0	1	3	17	0	4	3	7	0	10	0	11	1	0	0	4	0	0	0	0	14	9	0	0	6	2	2	4	4	0	9	3	9	0	0	0	2	2	10	11	2	2	0	0	2	14	3	3	0	0	0	0	0	7	21	0	0	0	0	17	14	12	4	0	1	1	4	2	6	7	0	2	0	3	3	25	27	13	29	0	16	7	6	0	4	0	16	1	0	0	14	5	2	0	5	0	4	0	5	3	37	0	0	0	0	0	0	0	0	0	0	0	0	0	0	0	0	0	0	0	0	0	0
Zbtb6	1	1	3	17	1	0	8	12	6	23	0	0	4	9	6	3	3	0	1	2	0	0	0	0	0	0	15	31	8	0	1	0	8	0	22	24	0	4	10	0	1	16	11	5	2	2	15	2	6	0	1	3	26	0	6	7	10	0	10	0	15	2	0	0	12	0	0	0	0	19	10	0	0	13	10	8	2	2	0	25	7	14	0	8	6	7	6	24	8	2	4	0	0	2	22	4	1	2	6	2	0	1	10	38	0	0	0	0	31	24	17	8	0	2	2	3	1	14	19	0	5	0	6	11	33	37	8	45	0	18	17	4	0	8	0	25	1	0	3	12	1	6	0	3	1	2	3	3	5	0	63	0	0	0	0	0	0	0	0	0	0	0	0	0	0	0	0	0	0	0	0	0
Zbtb7a	17	14	31	192	24	0	86	151	54	239	0	0	17	139	41	40	35	22	21	14	9	0	0	0	0	0	210	457	51	227	33	76	69	0	138	209	0	69	61	0	22	67	87	48	44	33	202	32	80	11	12	48	305	12	45	96	104	0	103	0	219	28	14	0	137	120	52	60	0	233	129	33	139	87	60	61	56	27	10	202	81	97	4	51	33	44	38	152	82	37	39	0	0	23	142	59	45	13	26	30	4	32	127	454	0	0	0	0	360	252	230	185	0	26	30	111	4	208	205	0	64	0	67	65	323	464	96	558	0	259	217	90	0	70	6	181	11	0	14	113	14	96	0	56	2	32	58	46	49	9	16	791	0	0	0	0	0	0	0	0	0	0	0	0	0	0	0	0	0	0	0	0
Zeb1	0	0	0	0	0	49	0	0	0	0	52	217	0	0	0	0	0	0	0	0	0	99	71	61	19	6	0	0	0	0	0	0	0	213	0	0	176	0	0	254	0	0	0	0	0	0	0	0	0	0	0	0	0	0	0	0	0	137	0	264	0	0	0	44	0	0	0	0	343	0	0	0	0	0	0	0	0	0	0	0	0	0	0	0	0	0	0	0	0	0	0	63	535	0	0	0	0	0	0	0	0	0	0	0	132	71	62	25	0	0	0	0	47	0	0	0	0	0	0	184	0	74	0	0	0	0	0	0	183	0	0	0	40	0	0	0	0	4	0	0	0	0	92	0	0	0	0	0	0	0	0	0	768	0	0	0	0	0	0	0	0	0	0	0	0	0	0	0	0	0	0	0
Zfp1	11	5	21	142	37	0	79	130	49	204	0	0	16	103	30	27	19	15	9	15	4	0	0	0	0	0	101	308	44	193	11	61	63	0	106	126	0	57	70	0	19	43	61	37	40	44	134	24	70	12	15	16	257	18	32	73	56	0	73	0	92	15	9	0	136	109	43	48	0	202	95	24	96	60	48	47	46	24	8	145	58	40	5	36	22	27	32	102	56	38	35	0	0	29	86	55	35	12	23	26	5	32	95	354	0	0	0	0	250	221	177	133	0	18	33	71	3	176	154	0	42	0	60	54	133	216	28	429	0	224	174	85	0	50	7	92	12	0	2	105	14	79	0	32	3	30	39	29	44	5	13	132	0	498	0	0	0	0	0	0	0	0	0	0	0	0	0	0	0	0	0	0
Zfp110_Zfp369	18	12	18	165	32	0	76	139	48	213	0	0	15	113	40	36	19	15	7	9	8	0	0	0	0	0	107	328	37	198	15	75	68	0	119	162	0	76	76	0	24	60	70	37	49	39	165	24	77	15	17	26	287	19	28	66	61	0	84	0	113	22	18	0	126	113	61	66	0	223	112	36	111	76	60	62	63	22	10	162	60	56	6	55	35	33	40	88	71	41	38	0	0	30	101	67	36	17	19	22	6	29	124	336	0	0	0	0	229	214	191	152	0	26	43	59	2	201	173	0	42	0	76	63	149	217	32	461	0	232	201	86	0	53	10	103	10	0	2	115	17	72	0	37	3	20	40	34	37	3	13	128	0	105	548	0	0	0	0	0	0	0	0	0	0	0	0	0	0	0	0	0
Zfp143	22	15	45	262	49	0	135	234	73	380	0	0	28	190	48	46	47	24	33	18	15	0	0	0	0	0	215	635	66	329	34	140	106	0	214	272	0	107	105	0	33	94	112	65	71	60	289	34	135	21	20	41	411	25	80	143	122	0	144	0	221	42	21	0	180	179	79	94	0	356	172	54	215	116	93	92	83	48	16	281	114	94	10	74	43	56	67	182	99	64	71	0	0	48	173	98	51	21	36	49	13	60	204	599	0	0	0	0	464	360	328	237	0	42	56	285	6	441	303	0	218	0	103	98	349	525	91	799	0	403	288	156	0	89	15	200	20	0	14	195	20	115	0	65	7	57	65	77	78	13	22	287	0	164	183	1092	0	0	0	0	0	0	0	0	0	0	0	0	0	0	0	0
Zfp148	28	18	45	308	47	0	151	256	89	430	0	0	25	202	46	57	51	44	27	10	18	0	0	0	0	0	428	721	84	396	46	155	107	0	256	318	0	120	102	0	41	94	139	78	70	67	344	38	156	22	21	66	498	32	123	166	189	0	217	0	356	46	22	0	232	204	87	103	0	392	197	57	269	122	96	93	89	46	12	333	124	143	7	85	52	64	75	229	147	90	63	0	0	53	229	103	72	29	33	46	15	70	212	840	0	0	0	0	748	390	359	273	0	38	61	202	7	351	319	0	109	0	113	98	569	941	166	988	0	464	340	193	0	101	15	249	18	0	12	214	29	154	0	77	4	64	77	90	70	18	30	423	0	222	214	483	1377	0	0	0	0	0	0	0	0	0	0	0	0	0	0	0
Zfp182	0	0	6	99	12	0	25	67	28	93	0	0	0	40	12	17	0	0	0	0	8	0	0	0	0	0	45	134	0	187	0	84	31	0	0	0	0	32	32	0	9	13	26	17	28	18	65	8	37	11	8	0	126	18	16	34	24	0	34	0	33	9	11	0	48	99	44	63	0	112	57	39	112	0	21	25	19	14	11	68	35	0	0	14	8	14	16	0	25	22	13	0	0	14	0	37	13	5	10	7	0	12	40	144	0	0	0	0	109	100	79	61	0	11	19	22	0	74	76	0	15	0	29	0	0	81	0	193	0	104	92	42	0	26	6	0	2	0	0	48	6	33	0	14	0	12	19	13	17	0	0	46	0	46	47	77	86	224	0	0	0	0	0	0	0	0	0	0	0	0	0	0
Zfp281	31	22	50	342	59	0	164	277	106	457	0	0	32	230	60	72	49	41	26	13	21	0	0	0	0	0	430	791	91	427	40	171	119	0	262	350	0	128	125	0	47	116	139	75	81	78	352	46	171	23	24	60	537	31	129	177	195	0	220	0	368	48	24	0	264	234	103	113	0	452	214	59	283	128	96	89	92	48	18	374	142	151	8	88	54	70	82	245	149	96	75	0	0	54	260	117	76	32	34	55	12	68	244	929	0	0	0	0	813	438	399	301	0	38	69	198	7	380	339	0	118	0	124	107	572	953	153	1103	0	495	364	195	0	117	17	268	23	0	16	243	25	175	0	88	5	64	77	93	74	8	35	440	0	254	230	501	1110	100	1492	0	0	0	0	0	0	0	0	0	0	0	0	0
Zfp282	2	2	4	40	0	0	14	26	8	48	0	0	4	30	4	7	2	4	0	0	3	0	0	0	0	0	19	73	5	39	8	14	14	0	24	31	0	11	11	0	7	10	13	4	3	4	43	3	13	3	5	8	53	4	10	14	17	0	18	0	23	6	2	0	27	24	8	10	0	42	17	5	21	15	16	14	15	4	1	33	11	12	3	8	3	7	6	18	12	7	7	0	0	9	17	15	11	4	3	5	1	13	24	75	0	0	0	0	54	52	44	34	0	4	8	17	0	39	29	0	8	0	12	10	34	54	7	93	0	48	33	31	0	10	1	20	2	0	0	21	3	17	0	7	2	4	7	5	8	2	1	27	0	18	25	42	58	12	56	112	0	0	0	0	0	0	0	0	0	0	0	0
Zfp384	2	0	4	41	11	0	13	25	11	57	0	0	4	28	12	7	8	6	5	4	2	0	0	0	0	0	22	66	3	37	1	13	12	0	27	35	0	16	18	0	9	9	8	2	15	12	31	7	15	2	1	5	48	3	12	12	13	0	19	0	14	7	5	0	24	19	10	9	0	50	29	10	22	18	15	17	19	5	3	29	12	12	1	9	7	4	9	20	14	6	10	0	0	10	17	15	8	2	6	3	2	8	18	66	0	0	0	0	44	49	41	29	0	4	6	12	1	32	36	0	9	0	27	12	30	43	6	92	0	42	37	19	0	12	3	19	3	0	0	24	6	6	0	4	2	5	6	6	7	1	1	23	0	17	25	35	39	11	52	5	111	0	0	0	0	0	0	0	0	0	0	0
Zfp467	0	0	0	0	0	8	0	0	0	0	6	30	0	0	0	0	0	0	0	0	0	14	9	7	0	0	0	0	0	0	0	0	0	18	0	0	29	0	0	39	0	0	0	0	0	0	0	0	0	0	0	0	0	0	0	0	0	24	0	31	0	0	0	6	0	0	0	0	42	0	0	0	0	0	0	0	0	0	0	0	0	0	0	0	0	0	0	0	0	0	0	6	58	0	0	0	0	0	0	0	0	0	0	0	34	11	7	5	0	0	0	0	6	0	0	0	0	0	0	21	0	10	0	0	0	0	0	0	23	0	0	0	4	0	0	0	0	0	0	0	0	0	5	0	0	0	0	0	0	0	0	0	30	0	0	0	0	0	0	0	0	85	0	0	0	0	0	0	0	0	0	0
Zfp521	0	0	0	0	0	1	0	0	0	0	3	9	0	0	0	0	0	0	0	0	0	5	2	4	2	0	0	0	0	0	0	0	0	21	0	0	11	0	0	21	0	0	0	0	0	0	0	0	0	0	0	0	0	0	0	0	0	9	0	19	0	0	0	7	0	0	0	0	25	0	0	0	0	0	0	0	0	0	0	0	0	0	0	0	0	0	0	0	0	0	0	3	32	0	0	0	0	0	0	0	0	0	0	0	12	5	8	1	0	0	0	0	2	0	0	0	0	0	0	16	0	8	0	0	0	0	0	0	16	0	0	0	3	0	0	0	0	0	0	0	0	0	9	0	0	0	0	0	0	0	0	0	11	0	0	0	0	0	0	0	0	4	49	0	0	0	0	0	0	0	0	0
Zfp523	0	0	0	0	0	12	0	0	0	0	13	57	0	0	0	0	0	0	0	0	0	24	16	10	10	4	0	0	0	0	0	0	0	53	0	0	48	0	0	73	0	0	0	0	0	0	0	0	0	0	0	0	0	0	0	0	0	45	0	69	0	0	0	11	0	0	0	0	90	0	0	0	0	0	0	0	0	0	0	0	0	0	0	0	0	0	0	0	0	0	0	24	137	0	0	0	0	0	0	0	0	0	0	0	38	25	23	5	0	0	0	0	12	0	0	0	0	0	0	51	0	29	0	0	0	0	0	0	53	0	0	0	12	0	0	0	0	2	0	0	0	0	31	0	0	0	0	0	0	0	0	0	57	0	0	0	0	0	0	0	0	11	2	212	0	0	0	0	0	0	0	0
Zfp524	0	0	2	10	1	0	4	13	4	13	0	0	0	5	3	5	0	0	0	0	2	0	0	0	0	0	9	25	0	34	0	16	4	0	0	0	0	3	5	0	0	5	3	3	4	1	14	1	4	2	0	0	17	1	4	5	5	0	10	0	12	0	0	0	7	22	12	6	0	14	8	3	21	0	7	4	7	1	3	13	4	0	0	2	1	3	4	0	5	3	1	0	0	1	0	6	1	1	1	4	0	1	6	24	0	0	0	0	18	13	12	12	0	1	3	7	0	12	14	0	3	0	7	0	0	25	0	33	0	16	13	5	0	5	3	0	0	0	0	2	0	7	0	3	0	3	5	3	4	0	0	11	0	2	10	16	19	9	17	2	2	0	0	0	42	0	0	0	0	0	0	0
Zfp628	0	0	0	0	0	4	0	0	0	0	0	0	0	0	0	0	0	0	0	0	0	0	0	0	0	0	0	0	0	0	0	0	0	20	0	0	0	0	0	12	0	0	0	0	0	0	0	0	0	0	0	0	0	0	0	0	0	9	0	10	0	0	0	4	0	0	0	0	16	0	0	0	0	0	0	0	0	0	0	0	0	0	0	0	0	0	0	0	0	0	0	6	37	0	0	0	0	0	0	0	0	0	0	0	12	7	2	1	0	0	0	0	7	0	0	0	0	0	0	12	0	6	0	0	0	0	0	0	31	0	0	0	3	0	0	0	0	0	0	0	0	0	2	0	0	0	0	0	0	0	0	0	10	0	0	0	0	0	0	0	0	0	0	3	0	49	0	0	0	0	0	0
Zfp637	2	2	1	49	8	0	22	30	14	50	0	0	3	30	10	6	2	4	1	3	1	0	0	0	0	0	20	65	8	39	1	12	14	0	26	32	0	18	17	0	5	10	13	9	17	10	30	3	12	4	4	2	56	6	10	13	6	0	17	0	15	6	6	0	27	24	11	10	0	53	24	8	24	19	15	14	10	2	2	28	11	7	1	10	6	4	10	16	12	8	7	0	0	6	18	16	10	2	6	4	1	10	18	62	0	0	0	0	62	46	50	36	0	2	7	12	1	38	30	0	5	0	19	16	26	40	5	93	0	50	36	23	0	15	2	19	2	0	1	37	3	14	0	3	0	5	8	9	16	1	1	23	0	23	22	38	37	11	44	6	7	0	0	0	0	0	100	0	0	0	0	0
Zfp652	7	5	6	36	8	0	19	33	14	49	0	0	7	31	12	8	7	3	6	2	3	0	0	0	0	0	24	62	11	35	8	14	15	0	19	30	0	11	15	0	7	15	10	8	6	7	22	3	16	3	3	7	56	2	6	15	15	0	18	0	27	10	1	0	20	23	14	18	0	47	24	3	16	19	14	12	13	7	3	36	20	18	0	7	4	12	6	25	13	13	8	0	0	11	24	11	12	4	6	7	4	9	25	64	0	0	0	0	48	45	45	29	0	6	11	9	0	40	37	0	8	0	19	12	32	37	11	85	0	54	43	26	0	11	3	28	3	0	0	19	1	11	0	12	0	7	10	10	8	2	2	26	0	32	20	47	41	11	44	5	3	0	0	0	1	0	3	102	0	0	0	0
Zfp784	0	0	0	0	0	2	0	0	0	0	2	17	0	0	0	0	0	0	0	0	0	4	3	2	2	0	0	0	0	0	0	0	0	17	0	0	10	0	0	34	0	0	0	0	0	0	0	0	0	0	0	0	0	0	0	0	0	13	0	27	0	0	0	4	0	0	0	0	33	0	0	0	0	0	0	0	0	0	0	0	0	0	0	0	0	0	0	0	0	0	0	6	47	0	0	0	0	0	0	0	0	0	0	0	7	3	4	1	0	0	0	0	5	0	0	0	0	0	0	10	0	7	0	0	0	0	0	0	20	0	0	0	4	0	0	0	0	0	0	0	0	0	6	0	0	0	0	0	0	0	0	0	16	0	0	0	0	0	0	0	0	0	2	3	0	2	0	0	64	0	0	0
Zfx	11	9	7	56	11	0	37	46	20	88	0	0	9	43	10	4	33	19	20	5	0	0	0	0	0	0	115	192	29	0	17	0	22	0	96	122	0	28	23	0	6	16	36	16	11	17	66	11	35	0	5	31	116	0	31	46	63	0	44	0	128	13	0	0	46	0	0	0	0	94	42	0	0	48	21	24	18	17	0	83	30	69	5	17	11	15	21	100	18	18	15	0	0	9	96	24	15	5	7	16	4	17	50	178	0	0	0	0	167	84	87	59	0	10	9	58	2	88	71	0	25	0	23	41	243	237	95	213	0	111	71	40	0	30	0	97	4	0	2	50	1	30	0	23	5	25	17	30	15	12	11	107	0	33	45	134	183	0	184	13	15	0	0	0	0	0	9	13	0	329	0	0
Zkscan1	0	0	0	0	0	4	0	0	0	0	0	0	0	0	0	0	0	0	0	0	0	0	0	0	2	0	0	0	0	0	0	0	0	12	0	0	0	0	0	11	0	0	0	0	0	0	0	0	0	0	0	0	0	0	0	0	0	2	0	7	0	0	0	3	0	0	0	0	10	0	0	0	0	0	0	0	0	0	0	0	0	0	0	0	0	0	0	0	0	0	0	2	21	0	0	0	0	0	0	0	0	0	0	0	4	6	2	3	0	0	0	0	6	0	0	0	0	0	0	4	0	3	0	0	0	0	0	0	14	0	0	0	4	0	0	0	0	0	0	0	0	0	1	0	0	0	0	0	0	0	0	0	8	0	0	0	0	0	0	0	0	0	0	2	0	3	0	0	1	0	25	0
Zkscan3	0	0	4	6	1	0	6	6	3	8	0	0	1	5	2	0	1	1	0	0	0	0	0	0	0	0	11	19	5	0	0	0	4	0	14	14	0	3	4	0	0	5	4	1	2	1	9	1	0	0	1	3	14	0	2	2	5	0	5	0	7	1	0	0	8	0	0	0	0	9	5	0	0	4	1	2	7	4	0	17	5	5	1	1	1	0	3	9	5	2	4	0	0	2	10	7	1	1	3	1	1	2	8	26	0	0	0	0	16	10	7	7	0	0	0	1	0	10	10	0	1	0	1	4	21	17	9	24	0	17	10	7	0	4	0	14	1	0	0	3	0	2	0	2	0	5	2	0	1	2	2	19	0	6	4	12	13	0	20	2	1	0	0	0	0	0	1	1	0	6	0	33
